-5.500000000000000000e+01 6.986691139920377047e+00
-5.481981981981981988e+01 7.011222853180600900e+00
-5.463963963963963977e+01 7.035873200296387964e+00
-5.445945945945945965e+01 7.060642864818025721e+00
-5.427927927927927954e+01 7.085532534407684935e+00
-5.409909909909909942e+01 7.110542900858730420e+00
-5.391891891891891930e+01 7.135674660114943890e+00
-5.373873873873873919e+01 7.160928512289705949e+00
-5.355855855855855907e+01 7.186305161685062615e+00
-5.337837837837837895e+01 7.211805316810719901e+00
-5.319819819819819884e+01 7.237429690402935378e+00
-5.301801801801801872e+01 7.263178999443312023e+00
-5.283783783783783861e+01 7.289053965177506811e+00
-5.265765765765765849e+01 7.315055313133798087e+00
-5.247747747747747837e+01 7.341183773141555235e+00
-5.229729729729729826e+01 7.367440079349582227e+00
-5.211711711711711814e+01 7.393824970244338601e+00
-5.193693693693693803e+01 7.420339188668017449e+00
-5.175675675675675791e+01 7.446983481836475072e+00
-5.157657657657657779e+01 7.473758601357032738e+00
-5.139639639639639768e+01 7.500665303246109694e+00
-5.121621621621621756e+01 7.527704347946700736e+00
-5.103603603603603744e+01 7.554876500345669044e+00
-5.085585585585585733e+01 7.582182529790885361e+00
-5.067567567567567721e+01 7.609623210108174440e+00
-5.049549549549549710e+01 7.637199319618061644e+00
-5.031531531531531698e+01 7.664911641152327704e+00
-5.013513513513513686e+01 7.692760962070354758e+00
-4.995495495495495675e+01 7.720748074275263662e+00
-4.977477477477477663e+01 7.748873774229815048e+00
-4.959459459459459651e+01 7.777138862972079458e+00
-4.941441441441441640e+01 7.805544146130873884e+00
-4.923423423423423628e+01 7.834090433940947840e+00
-4.905405405405405617e+01 7.862778541257902098e+00
-4.887387387387387605e+01 7.891609287572833864e+00
-4.869369369369369593e+01 7.920583497026723485e+00
-4.851351351351351582e+01 7.949701998424510307e+00
-4.833333333333333570e+01 7.978965625248892302e+00
-4.815315315315315559e+01 8.008375215673787295e+00
-4.797297297297297547e+01 8.037931612577494889e+00
-4.779279279279279535e+01 8.067635663555542180e+00
-4.761261261261261524e+01 8.097488220933149350e+00
-4.743243243243243512e+01 8.127490141777368393e+00
-4.725225225225225500e+01 8.157642287908858592e+00
-4.707207207207207489e+01 8.187945525913280065e+00
-4.689189189189189477e+01 8.218400727152300078e+00
-4.671171171171171466e+01 8.249008767774189010e+00
-4.653153153153153454e+01 8.279770528724025525e+00
-4.635135135135135442e+01 8.310686895753464754e+00
-4.617117117117116720e+01 8.341758759430064174e+00
-4.599099099099099419e+01 8.372987015146152956e+00
-4.581081081081080697e+01 8.404372563127255447e+00
-4.563063063063063396e+01 8.435916308440024380e+00
-4.545045045045044674e+01 8.467619160999680261e+00
-4.527027027027027373e+01 8.499482035576916061e+00
-4.509009009009008651e+01 8.531505851804340068e+00
-4.490990990990991349e+01 8.563691534182328979e+00
-4.472972972972972627e+01 8.596040012084340987e+00
-4.454954954954955326e+01 8.628552219761651543e+00
-4.436936936936936604e+01 8.661229096347534906e+00
-4.418918918918919303e+01 8.694071585860804419e+00
-4.400900900900900581e+01 8.727080637208759484e+00
-4.382882882882883280e+01 8.760257204189461078e+00
-4.364864864864864558e+01 8.793602245493417513e+00
-4.346846846846847257e+01 8.827116724704534789e+00
-4.328828828828828534e+01 8.860801610300406139e+00
-4.310810810810811233e+01 8.894657875651875045e+00
-4.292792792792792511e+01 8.928686499021912581e+00
-4.274774774774775210e+01 8.962888463563693620e+00
-4.256756756756756488e+01 8.997264757317941175e+00
-4.238738738738739187e+01 9.031816373209451854e+00
-4.220720720720720465e+01 9.066544309042868122e+00
-4.202702702702703164e+01 9.101449567497564175e+00
-4.184684684684684441e+01 9.136533156121711130e+00
-4.166666666666667140e+01 9.171796087325443381e+00
-4.148648648648648418e+01 9.207239378373184735e+00
-4.130630630630631117e+01 9.242864051374997558e+00
-4.112612612612612395e+01 9.278671133277022420e+00
-4.094594594594595094e+01 9.314661655850931865e+00
-4.076576576576576372e+01 9.350836655682435605e+00
-4.058558558558559071e+01 9.387197174158728785e+00
-4.040540540540540349e+01 9.423744257454924167e+00
-4.022522522522522337e+01 9.460478956519400739e+00
-4.004504504504504325e+01 9.497402327058106053e+00
-3.986486486486486314e+01 9.534515429517695040e+00
-3.968468468468468302e+01 9.571819329067533744e+00
-3.950450450450450290e+01 9.609315095580555521e+00
-3.932432432432432279e+01 9.647003803612895112e+00
-3.914414414414414267e+01 9.684886532382311231e+00
-3.896396396396396256e+01 9.722964365745323079e+00
-3.878378378378378954e+01 9.761238392173087419e+00
-3.860360360360360232e+01 9.799709704725957593e+00
-3.842342342342342931e+01 9.838379401026671189e+00
-3.824324324324324209e+01 9.877248583232177026e+00
-3.806306306306306908e+01 9.916318358004032163e+00
-3.788288288288288186e+01 9.955589836477384935e+00
-3.770270270270270174e+01 9.995064134228444530e+00
-3.752252252252252163e+01 1.003474237124045843e+01
-3.734234234234234151e+01 1.007462567186813196e+01
-3.716216216216216139e+01 1.011471516480048294e+01
-3.698198198198198128e+01 1.015501198302206198e+01
-3.680180180180180116e+01 1.019551726377251555e+01
-3.662162162162162105e+01 1.023623214850447027e+01
-3.644144144144144093e+01 1.027715778283970138e+01
-3.626126126126126081e+01 1.031829531652348564e+01
-3.608108108108108070e+01 1.035964590337719571e+01
-3.590090090090090058e+01 1.040121070124903291e+01
-3.572072072072072046e+01 1.044299087196285214e+01
-3.554054054054054035e+01 1.048498758126509678e+01
-3.536036036036036023e+01 1.052720199876972806e+01
-3.518018018018018012e+01 1.056963529790116141e+01
-3.500000000000000000e+01 1.061228865583514036e+01
-3.481981981981981988e+01 1.065516325343750736e+01
-3.463963963963963977e+01 1.069826027520084288e+01
-3.445945945945945965e+01 1.074158090917888586e+01
-3.427927927927927954e+01 1.078512634691874617e+01
-3.409909909909909942e+01 1.082889778339081310e+01
-3.391891891891891930e+01 1.087289641691634223e+01
-3.373873873873873919e+01 1.091712344909265120e+01
-3.355855855855855907e+01 1.096158008471588907e+01
-3.337837837837837895e+01 1.100626753170132410e+01
-3.319819819819819884e+01 1.105118700100110196e+01
-3.301801801801801872e+01 1.109633970651940160e+01
-3.283783783783783861e+01 1.114172686502498166e+01
-3.265765765765765849e+01 1.118734969606101259e+01
-3.247747747747747837e+01 1.123320942185216964e+01
-3.229729729729729826e+01 1.127930726720891741e+01
-3.211711711711711814e+01 1.132564445942895226e+01
-3.193693693693693803e+01 1.137222222819571904e+01
-3.175675675675675791e+01 1.141904180547393999e+01
-3.157657657657657779e+01 1.146610442540214336e+01
-3.139639639639639768e+01 1.151341132418206925e+01
-3.121621621621621756e+01 1.156096373996493654e+01
-3.103603603603603744e+01 1.160876291273449290e+01
-3.085585585585585733e+01 1.165681008418679099e+01
-3.067567567567567721e+01 1.170510649760660904e+01
-3.049549549549549710e+01 1.175365339774048046e+01
-3.031531531531531698e+01 1.180245203066625059e+01
-3.013513513513513686e+01 1.185150364365908260e+01
-2.995495495495495675e+01 1.190080948505387681e+01
-2.977477477477477663e+01 1.195037080410399888e+01
-2.959459459459459651e+01 1.200018885083629172e+01
-2.941441441441441640e+01 1.205026487590223461e+01
-2.923423423423423628e+01 1.210060013042526350e+01
-2.905405405405405617e+01 1.215119586584409639e+01
-2.887387387387387605e+01 1.220205333375206180e+01
-2.869369369369369593e+01 1.225317378573230265e+01
-2.851351351351351582e+01 1.230455847318881624e+01
-2.833333333333333570e+01 1.235620864717322753e+01
-2.815315315315315559e+01 1.240812555820724583e+01
-2.797297297297297547e+01 1.246031045610070898e+01
-2.779279279279279535e+01 1.251276458976512984e+01
-2.761261261261261524e+01 1.256548920702269001e+01
-2.743243243243243512e+01 1.261848555441059005e+01
-2.725225225225225500e+01 1.267175487698064096e+01
-2.707207207207207489e+01 1.272529841809408602e+01
-2.689189189189189477e+01 1.277911741921149691e+01
-2.671171171171171466e+01 1.283321311967769773e+01
-2.653153153153153454e+01 1.288758675650163354e+01
-2.635135135135135442e+01 1.294223956413106968e+01
-2.617117117117117431e+01 1.299717277422208106e+01
-2.599099099099099064e+01 1.305238761540317860e+01
-2.581081081081081052e+01 1.310788531303404092e+01
-2.563063063063063041e+01 1.316366708895876059e+01
-2.545045045045045029e+01 1.321973416125343803e+01
-2.527027027027027017e+01 1.327608774396815505e+01
-2.509009009009009006e+01 1.333272904686309879e+01
-2.490990990990990994e+01 1.338965927513889298e+01
-2.472972972972972983e+01 1.344687962916087187e+01
-2.454954954954954971e+01 1.350439130417736777e+01
-2.436936936936936959e+01 1.356219549003179203e+01
-2.418918918918918948e+01 1.362029337086849523e+01
-2.400900900900900936e+01 1.367868612483224133e+01
-2.382882882882882924e+01 1.373737492376127278e+01
-2.364864864864864913e+01 1.379636093287377641e+01
-2.346846846846846901e+01 1.385564531044777148e+01
-2.328828828828828890e+01 1.391522920749417658e+01
-2.310810810810810878e+01 1.397511376742309608e+01
-2.292792792792793222e+01 1.403530012570309538e+01
-2.274774774774775210e+01 1.409578940951349502e+01
-2.256756756756757198e+01 1.415658273738946527e+01
-2.238738738738739187e+01 1.421768121885986957e+01
-2.220720720720721175e+01 1.427908595407778236e+01
-2.202702702702703164e+01 1.434079803344353365e+01
-2.184684684684685152e+01 1.440281853722017047e+01
-2.166666666666667140e+01 1.446514853514129051e+01
-2.148648648648649129e+01 1.452778908601107410e+01
-2.130630630630631117e+01 1.459074123729646644e+01
-2.112612612612613106e+01 1.465400602471135549e+01
-2.094594594594595094e+01 1.471758447179271023e+01
-2.076576576576577082e+01 1.478147758946848356e+01
-2.058558558558559071e+01 1.484568637561725879e+01
-2.040540540540540349e+01 1.491021181461950462e+01
-2.022522522522522337e+01 1.497505487690028936e+01
-2.004504504504504325e+01 1.504021651846345975e+01
-1.986486486486486314e+01 1.510569768041705885e+01
-1.968468468468468302e+01 1.517149928848997398e+01
-1.950450450450450290e+01 1.523762225253963898e+01
-1.932432432432432279e+01 1.530406746605076762e+01
-1.914414414414414267e+01 1.537083580562494944e+01
-1.896396396396396256e+01 1.543792813046102452e+01
-1.878378378378378244e+01 1.550534528182617322e+01
-1.860360360360360232e+01 1.557308808251757348e+01
-1.842342342342342221e+01 1.564115733631455640e+01
-1.824324324324324209e+01 1.570955382742116591e+01
-1.806306306306306197e+01 1.577827831989900176e+01
-1.788288288288288186e+01 1.584733155709028019e+01
-1.770270270270270174e+01 1.591671426103100906e+01
-1.752252252252252163e+01 1.598642713185417996e+01
-1.734234234234234151e+01 1.605647084718289364e+01
-1.716216216216216139e+01 1.612684606151335132e+01
-1.698198198198198128e+01 1.619755340558755563e+01
-1.680180180180180116e+01 1.626859348575576902e+01
-1.662162162162162105e+01 1.633996688332848635e+01
-1.644144144144144093e+01 1.641167415391798556e+01
-1.626126126126126081e+01 1.648371582676928782e+01
-1.608108108108108070e+01 1.655609240408049132e+01
-1.590090090090090058e+01 1.662880436031241160e+01
-1.572072072072072046e+01 1.670185214148743924e+01
-1.554054054054054035e+01 1.677523616447757249e+01
-1.536036036036036023e+01 1.684895681628153952e+01
-1.518018018018018012e+01 1.692301445329097476e+01
-1.500000000000000000e+01 1.699740940054558536e+01
-1.481981981981981988e+01 1.707214195097724740e+01
-1.463963963963963977e+01 1.714721236464301768e+01
-1.445945945945945965e+01 1.722262086794696501e+01
-1.427927927927927954e+01 1.729836765285083899e+01
-1.409909909909909942e+01 1.737445287607350508e+01
-1.391891891891891930e+01 1.745087665827914591e+01
-1.373873873873873919e+01 1.752763908325416509e+01
-1.355855855855855907e+01 1.760474019707282878e+01
-1.337837837837837895e+01 1.768218000725157069e+01
-1.319819819819819884e+01 1.775995848189203485e+01
-1.301801801801801872e+01 1.783807554881274982e+01
-1.283783783783783861e+01 1.791653109466953353e+01
-1.265765765765765849e+01 1.799532496406460780e+01
-1.247747747747747837e+01 1.807445695864439372e+01
-1.229729729729729826e+01 1.815392683618609837e+01
-1.211711711711711814e+01 1.823373430967307485e+01
-1.193693693693693803e+01 1.831387904635898423e+01
-1.175675675675675791e+01 1.839436066682083037e+01
-1.157657657657657779e+01 1.847517874400093163e+01
-1.139639639639639768e+01 1.855633280223786841e+01
-1.121621621621621756e+01 1.863782231628648844e+01
-1.103603603603603744e+01 1.871964671032705496e+01
-1.085585585585585733e+01 1.880180535696363364e+01
-1.067567567567567721e+01 1.888429757621180016e+01
-1.049549549549549710e+01 1.896712263447578195e+01
-1.031531531531531698e+01 1.905027974351518694e+01
-1.013513513513513686e+01 1.913376805940138681e+01
-9.954954954954956747e+00 1.921758668146374660e+01
-9.774774774774776631e+00 1.930173465122586052e+01
-9.594594594594596515e+00 1.938621095133188632e+01
-9.414414414414416399e+00 1.947101450446324122e+01
-9.234234234234236283e+00 1.955614417224577650e+01
-9.054054054054056166e+00 1.964159875414769019e+01
-8.873873873873876050e+00 1.972737698636831638e+01
-8.693693693693695934e+00 1.981347754071809319e+01
-8.513513513513515818e+00 1.989989902348992246e+01
-8.333333333333335702e+00 1.998663997432209882e+01
-8.153153153153155586e+00 2.007369886505322754e+01
-7.972972972972975469e+00 2.016107409856925159e+01
-7.792792792792795353e+00 2.024876400764299689e+01
-7.612612612612615237e+00 2.033676685376649118e+01
-7.432432432432435121e+00 2.042508082597639429e+01
-7.252252252252255005e+00 2.051370403967289491e+01
-7.072072072072074889e+00 2.060263453543240786e+01
-6.891891891891894772e+00 2.069187027781446986e+01
-6.711711711711714656e+00 2.078140915416321377e+01
-6.531531531531534540e+00 2.087124897340383001e+01
-6.351351351351354424e+00 2.096138746483445914e+01
-6.171171171171174308e+00 2.105182227691390651e+01
-5.990990990990994192e+00 2.114255097604572953e+01
-5.810810810810814075e+00 2.123357104535910622e+01
-5.630630630630633959e+00 2.132487988348700014e+01
-5.450450450450453843e+00 2.141647480334216880e+01
-5.270270270270273727e+00 2.150835303089152717e+01
-5.090090090090093611e+00 2.160051170392945608e+01
-4.909909909909913495e+00 2.169294787085057052e+01
-4.729729729729733378e+00 2.178565848942263727e+01
-4.549549549549553262e+00 2.187864042556019939e+01
-4.369369369369373146e+00 2.197189045209956149e+01
-4.189189189189193030e+00 2.206540524757581423e+01
-4.009009009009012914e+00 2.215918139500259088e+01
-3.828828828828832798e+00 2.225321538065519889e+01
-3.648648648648652681e+00 2.234750359285794730e+01
-3.468468468468472565e+00 2.244204232077637684e+01
-3.288288288288292449e+00 2.253682775321513176e+01
-3.108108108108112333e+00 2.263185597742232957e+01
-2.927927927927932217e+00 2.272712297790123870e+01
-2.747747747747752101e+00 2.282262463523005991e+01
-2.567567567567571984e+00 2.291835672489071030e+01
-2.387387387387391868e+00 2.301431491610752644e+01
-2.207207207207211752e+00 2.311049477069675717e+01
-2.027027027027031636e+00 2.320689174192776605e+01
-1.846846846846851520e+00 2.330350117339696681e+01
-1.666666666666671404e+00 2.340031829791542251e+01
-1.486486486486491287e+00 2.349733823641113162e+01
-1.306306306306311171e+00 2.359455599684701710e+01
-1.126126126126131055e+00 2.369196647315570559e+01
-9.459459459459509389e-01 2.378956444419212701e+01
-7.657657657657708228e-01 2.388734457270505729e+01
-5.855855855855907066e-01 2.398530140432874092e+01
-4.054054054054105904e-01 2.408342936659571976e+01
-2.252252252252304743e-01 2.418172276797199771e+01
-4.504504504505035811e-02 2.428017579691582739e+01
1.351351351351297581e-01 2.437878252096123077e+01
3.153153153153098742e-01 2.447753688582753284e+01
4.954954954954899904e-01 2.457643271455617651e+01
6.756756756756701066e-01 2.467546370667606226e+01
8.558558558558502227e-01 2.477462343739870221e+01
1.036036036036030339e+00 2.487390535684455273e+01
1.216216216216210455e+00 2.497330278930177982e+01
1.396396396396390571e+00 2.507280893251893161e+01
1.576576576576570687e+00 2.517241685703270448e+01
1.756756756756750804e+00 2.527211950553241238e+01
1.936936936936930920e+00 2.537190969226235993e+01
2.117117117117111036e+00 2.547178010246368629e+01
2.297297297297291152e+00 2.557172329185700121e+01
2.477477477477471268e+00 2.567173168616738721e+01
2.657657657657651384e+00 2.577179758069307525e+01
2.837837837837838606e+00 2.587191313991941044e+01
3.018018018018018722e+00 2.597207039717949328e+01
3.198198198198198838e+00 2.607226125436305963e+01
3.378378378378378954e+00 2.617247748167501342e+01
3.558558558558559071e+00 2.627271071744521436e+01
3.738738738738739187e+00 2.637295246799101278e+01
3.918918918918919303e+00 2.647319410753395275e+01
4.099099099099099419e+00 2.657342687817232374e+01
4.279279279279279535e+00 2.667364188991097151e+01
4.459459459459459651e+00 2.677383012074990987e+01
4.639639639639639768e+00 2.687398241683330724e+01
4.819819819819819884e+00 2.697408949266030120e+01
5.000000000000000000e+00 2.707414193135917557e+01
5.180180180180180116e+00 2.717413018502643496e+01
5.360360360360360232e+00 2.727404457513224756e+01
5.540540540540540349e+00 2.737387529299371636e+01
5.720720720720720465e+00 2.747361240031754193e+01
5.900900900900900581e+00 2.757324582981343042e+01
6.081081081081080697e+00 2.767276538587974954e+01
6.261261261261260813e+00 2.777216074536285717e+01
6.441441441441440929e+00 2.787142145839148455e+01
6.621621621621621046e+00 2.797053694928757750e+01
6.801801801801801162e+00 2.806949651755490294e+01
6.981981981981981278e+00 2.816828933894681697e+01
7.162162162162161394e+00 2.826690446661443445e+01
7.342342342342341510e+00 2.836533083233650387e+01
7.522522522522521626e+00 2.846355724783214214e+01
7.702702702702701743e+00 2.856157240615773318e+01
7.882882882882881859e+00 2.865936488318904551e+01
8.063063063063061975e+00 2.875692313918970555e+01
8.243243243243242091e+00 2.885423552046711393e+01
8.423423423423422207e+00 2.895129026111678527e+01
8.603603603603602323e+00 2.904807548485607072e+01
8.783783783783782440e+00 2.914457920694821169e+01
8.963963963963962556e+00 2.924078933621752086e+01
9.144144144144135566e+00 2.933669367715655341e+01
9.324324324324322788e+00 2.943227993212594740e+01
9.504504504504495799e+00 2.952753570364759028e+01
9.684684684684683020e+00 2.962244849679179381e+01
9.864864864864856031e+00 2.971700572165889298e+01
1.004504504504504325e+01 2.981119469595586935e+01
1.022522522522521626e+01 2.990500264766819072e+01
1.040540540540540349e+01 2.999841671782741415e+01
1.058558558558557650e+01 3.009142396337452396e+01
1.076576576576576372e+01 3.018401136011938490e+01
1.094594594594593673e+01 3.027616580579613270e+01
1.112612612612612395e+01 3.036787412321473667e+01
1.130630630630629696e+01 3.045912306350830789e+01
1.148648648648648418e+01 3.054989930947624899e+01
1.166666666666665719e+01 3.064018947902264856e+01
1.184684684684684441e+01 3.072998012868978535e+01
1.202702702702701743e+01 3.081925775728594630e+01
1.220720720720720465e+01 3.090800880960726360e+01
1.238738738738737766e+01 3.099621968025255825e+01
1.256756756756756488e+01 3.108387671753058967e+01
1.274774774774773789e+01 3.117096622745868473e+01
1.292792792792792511e+01 3.125747447785173350e+01
1.310810810810809812e+01 3.134338770250039730e+01
1.328828828828828534e+01 3.142869210543729608e+01
1.346846846846845835e+01 3.151337386528976126e+01
1.364864864864864558e+01 3.159741913971776128e+01
1.382882882882881859e+01 3.168081406993522009e+01
1.400900900900900581e+01 3.176354478531326109e+01
1.418918918918919303e+01 3.184559740806327710e+01
1.436936936936936604e+01 3.192695805799808895e+01
1.454954954954955326e+01 3.200761285736902551e+01
1.472972972972972627e+01 3.208754793577670483e+01
1.490990990990991349e+01 3.216674943515329943e+01
1.509009009009008651e+01 3.224520351481380231e+01
1.527027027027027373e+01 3.232289635657374305e+01
1.545045045045044674e+01 3.239981416993075669e+01
1.563063063063063396e+01 3.247594319730717416e+01
1.581081081081080697e+01 3.255126971935074920e+01
1.599099099099099419e+01 3.262578006029053057e+01
1.617117117117116720e+01 3.269946059334480992e+01
1.635135135135135442e+01 3.277229774617781288e+01
1.653153153153152743e+01 3.284427800640182937e+01
1.671171171171171466e+01 3.291538792712150041e+01
1.689189189189188767e+01 3.298561413251638896e+01
1.707207207207207489e+01 3.305494332345853081e+01
1.725225225225224790e+01 3.312336228316093667e+01
1.743243243243243512e+01 3.319085788285340755e+01
1.761261261261260813e+01 3.325741708748154224e+01
1.779279279279279535e+01 3.332302696142509291e+01
1.797297297297296836e+01 3.338767467423134150e+01
1.815315315315315559e+01 3.345134750635953935e+01
1.833333333333332860e+01 3.351403285493186246e+01
1.851351351351351582e+01 3.357571823948678968e+01
1.869369369369368883e+01 3.363639130773027119e+01
1.887387387387387605e+01 3.369603984128035989e+01
1.905405405405404906e+01 3.375465176140064472e+01
1.923423423423423628e+01 3.381221513471794538e+01
1.941441441441440929e+01 3.386871817891955061e+01
1.959459459459459651e+01 3.392414926842545242e+01
1.977477477477476953e+01 3.397849694003062382e+01
1.995495495495495675e+01 3.403174989851275711e+01
2.013513513513512976e+01 3.408389702220053863e+01
2.031531531531531698e+01 3.413492736849777742e+01
2.049549549549548999e+01 3.418483017935835733e+01
2.067567567567567721e+01 3.423359488670740092e+01
2.085585585585585022e+01 3.428121111780360053e+01
2.103603603603603744e+01 3.432766870053802677e+01
2.121621621621621046e+01 3.437295766866450464e+01
2.139639639639639768e+01 3.441706826695672561e+01
2.157657657657657069e+01 3.445999095628740605e+01
2.175675675675675791e+01 3.450171641862465322e+01
2.193693693693693092e+01 3.454223556194080658e+01
2.211711711711711814e+01 3.458153952502924966e+01
2.229729729729729115e+01 3.461961968222423280e+01
2.247747747747747837e+01 3.465646764801959279e+01
2.265765765765765138e+01 3.469207528158143816e+01
2.283783783783783861e+01 3.472643469115071468e+01
2.301801801801801162e+01 3.475953823833101808e+01
2.319819819819819884e+01 3.479137854225773907e+01
2.337837837837837185e+01 3.482194848364394346e+01
2.355855855855855907e+01 3.485124120869933506e+01
2.373873873873873208e+01 3.487925013291808085e+01
2.391891891891891930e+01 3.490596894473168987e+01
2.409909909909909231e+01 3.493139160902330786e+01
2.427927927927927954e+01 3.495551237049973281e+01
2.445945945945945255e+01 3.497832575691766976e+01
2.463963963963963977e+01 3.499982658216094222e+01
2.481981981981981278e+01 3.502000994916541288e+01
2.500000000000000000e+01 3.503887125268855840e+01
2.518018018018017301e+01 3.505640618192084901e+01
2.536036036036036023e+01 3.507261072293607640e+01
2.554054054054053324e+01 3.508748116097815739e+01
2.572072072072072046e+01 3.510101408258195477e+01
2.590090090090089348e+01 3.511320637752579188e+01
2.608108108108108070e+01 3.512405524061373541e+01
2.626126126126125371e+01 3.513355817328557151e+01
2.644144144144144093e+01 3.514171298505289798e+01
2.662162162162161394e+01 3.514851779475969806e+01
2.680180180180180116e+01 3.515397103166611004e+01
2.698198198198197417e+01 3.515807143635415599e+01
2.716216216216216139e+01 3.516081806145457023e+01
2.734234234234233440e+01 3.516221027219376793e+01
2.752252252252252163e+01 3.516224774676060605e+01
2.770270270270269464e+01 3.516093047649226122e+01
2.788288288288288186e+01 3.515825876587924625e+01
2.806306306306305487e+01 3.515423323238952946e+01
2.824324324324324209e+01 3.514885480611176405e+01
2.842342342342341510e+01 3.514212472921827413e+01
2.860360360360360232e+01 3.513404455524815262e+01
2.878378378378377533e+01 3.512461614821143741e+01
2.896396396396396256e+01 3.511384168151511886e+01
2.914414414414413557e+01 3.510172363671235019e+01
2.932432432432432279e+01 3.508826480207599730e+01
2.950450450450449580e+01 3.507346827099826214e+01
2.968468468468468302e+01 3.505733744021786435e+01
2.986486486486485603e+01 3.503987600787691292e+01
3.004504504504504325e+01 3.502108797140932950e+01
3.022522522522521626e+01 3.500097762526315393e+01
3.040540540540540349e+01 3.497954955845920466e+01
3.058558558558557650e+01 3.495680865198855969e+01
3.076576576576576372e+01 3.493276007605160771e+01
3.094594594594593673e+01 3.490740928714170366e+01
3.112612612612612395e+01 3.488076202497626355e+01
3.130630630630629696e+01 3.485282430927866670e+01
3.148648648648648418e+01 3.482360243641422670e+01
3.166666666666665719e+01 3.479310297588369139e+01
3.184684684684684441e+01 3.476133276667788152e+01
3.202702702702701743e+01 3.472829891349727660e+01
3.220720720720720465e+01 3.469400878284022127e+01
3.238738738738737766e+01 3.465846999896388070e+01
3.256756756756756488e+01 3.462169043972190252e+01
3.274774774774773789e+01 3.458367823228298477e+01
3.292792792792792511e+01 3.454444174873460582e+01
3.310810810810809812e+01 3.450398960157624373e+01
3.328828828828828534e+01 3.446233063910649008e+01
3.346846846846845835e+01 3.441947394070862032e+01
3.364864864864864558e+01 3.437542881203909673e+01
3.382882882882881859e+01 3.433020478012365118e+01
3.400900900900900581e+01 3.428381158836565845e+01
3.418918918918917882e+01 3.423625919147142582e+01
3.436936936936936604e+01 3.418755775029727317e+01
3.454954954954953905e+01 3.413771762662308618e+01
3.472972972972972627e+01 3.408674937785714576e+01
3.490990990990989928e+01 3.403466375167722191e+01
3.509009009009008651e+01 3.398147168061252898e+01
3.527027027027025952e+01 3.392718427657158742e+01
3.545045045045044674e+01 3.387181282532071691e+01
3.563063063063061975e+01 3.381536878091809939e+01
3.581081081081080697e+01 3.375786376010805867e+01
3.599099099099097998e+01 3.369930953668058038e+01
3.617117117117116720e+01 3.363971803580060538e+01
3.635135135135134021e+01 3.357910132831209893e+01
3.653153153153152743e+01 3.351747162502130095e+01
3.671171171171170045e+01 3.345484127096406723e+01
3.689189189189188767e+01 3.339122273966174959e+01
3.707207207207206068e+01 3.332662862737025478e+01
3.725225225225224790e+01 3.326107164732668764e+01
3.743243243243243512e+01 3.319456462399813290e+01
3.761261261261260813e+01 3.312712048733676795e+01
3.779279279279279535e+01 3.305875226704571190e+01
3.797297297297296836e+01 3.298947308685979607e+01
3.815315315315315559e+01 3.291929615884531302e+01
3.833333333333332860e+01 3.284823477772289380e+01
3.851351351351351582e+01 3.277630231521730764e+01
3.869369369369368883e+01 3.270351221443817735e+01
3.887387387387387605e+01 3.262987798429529818e+01
3.905405405405404906e+01 3.255541319395221223e+01
3.923423423423423628e+01 3.248013146732163392e+01
3.941441441441440929e+01 3.240404647760612278e+01
3.959459459459459651e+01 3.232717194188737153e+01
3.977477477477476953e+01 3.224952161576742782e+01
3.995495495495495675e+01 3.217110928806472003e+01
4.013513513513512976e+01 3.209194877556829795e+01
4.031531531531531698e+01 3.201205391785271104e+01
4.049549549549548999e+01 3.193143857215678239e+01
4.067567567567567721e+01 3.185011660832850566e+01
4.085585585585585022e+01 3.176810190383899268e+01
4.103603603603603744e+01 3.168540833886758534e+01
4.121621621621621046e+01 3.160204979146069348e+01
4.139639639639639768e+01 3.151804013276640148e+01
4.157657657657657069e+01 3.143339322234695388e+01
4.175675675675675791e+01 3.134812290357112019e+01
4.193693693693693092e+01 3.126224299908825444e+01
4.211711711711711814e+01 3.117576730638571192e+01
4.229729729729729115e+01 3.108870959343138196e+01
4.247747747747747837e+01 3.100108359440262618e+01
4.265765765765765138e+01 3.091290300550322101e+01
4.283783783783783861e+01 3.082418148086933485e+01
4.301801801801801162e+01 3.073493262856593944e+01
4.319819819819819884e+01 3.064517000667442659e+01
4.337837837837837185e+01 3.055490711947264515e+01
4.355855855855855907e+01 3.046415741370791608e+01
4.373873873873873208e+01 3.037293427496397413e+01
4.391891891891891930e+01 3.028125102412224834e+01
4.409909909909909231e+01 3.018912091391818109e+01
4.427927927927927954e+01 3.009655712559281326e+01
4.445945945945945255e+01 3.000357276564015052e+01
4.463963963963963977e+01 2.991018086265031428e+01
4.481981981981981278e+01 2.981639436424883982e+01
4.500000000000000000e+01 2.972222613413187986e+01
4.518018018018017301e+01 2.962768894919757656e+01
4.536036036036036023e+01 2.953279549677318272e+01
4.554054054054053324e+01 2.943755837193789660e+01
4.572072072072072046e+01 2.934199007494099831e+01
4.590090090090089348e+01 2.924610300871501423e+01
4.608108108108108070e+01 2.914990947648331243e+01
4.626126126126125371e+01 2.905342167946177412e+01
4.644144144144144093e+01 2.895665171465376631e+01
4.662162162162161394e+01 2.885961157273792210e+01
4.680180180180180116e+01 2.876231313604782969e+01
4.698198198198197417e+01 2.866476817664300825e+01
4.716216216216216139e+01 2.856698835447018325e+01
4.734234234234233440e+01 2.846898521561402617e+01
4.752252252252252163e+01 2.837077019063638517e+01
4.770270270270269464e+01 2.827235459300300491e+01
4.788288288288288186e+01 2.817374961759662710e+01
4.806306306306305487e+01 2.807496633931548757e+01
4.824324324324324209e+01 2.797601571175582791e+01
4.842342342342341510e+01 2.787690856597760813e+01
4.860360360360360232e+01 2.777765560935170797e+01
4.878378378378377533e+01 2.767826742448789901e+01
4.896396396396396256e+01 2.757875446824176180e+01
4.914414414414413557e+01 2.747912707079964889e+01
4.932432432432432279e+01 2.737939543484007032e+01
4.950450450450449580e+01 2.727956963477030072e+01
4.968468468468468302e+01 2.717965961603661285e+01
4.986486486486485603e+01 2.707967519450697580e+01
5.004504504504504325e+01 2.697962605592447360e+01
5.022522522522521626e+01 2.687952175543025746e+01
5.040540540540540349e+01 2.677937171715436193e+01
5.058558558558557650e+01 2.667918523387306351e+01
5.076576576576576372e+01 2.657897146673105127e+01
5.094594594594593673e+01 2.647873944502724086e+01
5.112612612612612395e+01 2.637849806606233471e+01
5.130630630630629696e+01 2.627825609504698079e+01
5.148648648648648418e+01 2.617802216506866486e+01
5.166666666666665719e+01 2.607780477711613543e+01
5.184684684684684441e+01 2.597761230015952805e+01
5.202702702702701743e+01 2.587745297128498478e+01
5.220720720720720465e+01 2.577733489588191063e+01
5.238738738738737766e+01 2.567726604788170519e+01
5.256756756756756488e+01 2.557725427004611518e+01
5.274774774774773789e+01 2.547730727430401032e+01
5.292792792792792511e+01 2.537743264213484906e+01
5.310810810810809812e+01 2.527763782499755862e+01
5.328828828828828534e+01 2.517793014480311342e+01
5.346846846846845835e+01 2.507831679442965722e+01
5.364864864864864558e+01 2.497880483827837494e+01
5.382882882882881859e+01 2.487940121286901274e+01
5.400900900900900581e+01 2.478011272747332328e+01
5.418918918918917882e+01 2.468094606478534914e+01
5.436936936936936604e+01 2.458190778162678924e+01
5.454954954954953905e+01 2.448300430968643582e+01
5.472972972972972627e+01 2.438424195629204405e+01
5.490990990990989928e+01 2.428562690521355449e+01
5.509009009009008651e+01 2.418716521749603032e+01
5.527027027027025952e+01 2.408886283232141778e+01
5.545045045045044674e+01 2.399072556789744226e+01
5.563063063063061975e+01 2.389275912237274113e+01
5.581081081081080697e+01 2.379496907477670220e+01
5.599099099099097998e+01 2.369736088598306978e+01
5.617117117117116720e+01 2.359993989969581918e+01
5.635135135135134021e+01 2.350271134345651802e+01
5.653153153153152743e+01 2.340568032967159340e+01
5.671171171171170045e+01 2.330885185665878367e+01
5.689189189189188767e+01 2.321223080971134323e+01
5.707207207207206068e+01 2.311582196217921847e+01
5.725225225225224790e+01 2.301962997656585230e+01
5.743243243243242091e+01 2.292365940563986015e+01
5.761261261261260813e+01 2.282791469356031300e+01
5.779279279279278114e+01 2.273240017701489890e+01
5.797297297297296836e+01 2.263712008636975881e+01
5.815315315315314137e+01 2.254207854683026468e+01
5.833333333333332860e+01 2.244727957961168130e+01
5.851351351351350161e+01 2.235272710311890521e+01
5.869369369369368883e+01 2.225842493413436074e+01
5.887387387387386184e+01 2.216437678901327857e+01
5.905405405405404906e+01 2.207058628488542951e+01
5.923423423423422207e+01 2.197705694086266703e+01
5.941441441441440929e+01 2.188379217925129439e+01
5.959459459459458230e+01 2.179079532676876596e+01
5.977477477477476953e+01 2.169806961576370341e+01
5.995495495495494254e+01 2.160561818543881429e+01
6.013513513513512976e+01 2.151344408307572920e+01
6.031531531531530277e+01 2.142155026526140205e+01
6.049549549549548999e+01 2.132993959911510018e+01
6.067567567567567721e+01 2.123861486351568573e+01
6.085585585585585022e+01 2.114757875032834278e+01
6.103603603603603744e+01 2.105683386563024939e+01
6.121621621621621046e+01 2.096638273093476457e+01
6.139639639639639768e+01 2.087622778441328109e+01
6.157657657657657069e+01 2.078637138211463053e+01
6.175675675675675791e+01 2.069681579918108838e+01
6.193693693693693092e+01 2.060756323106096488e+01
6.211711711711711814e+01 2.051861579471685815e+01
6.229729729729729115e+01 2.042997552982955867e+01
6.247747747747747837e+01 2.034164439999677754e+01
6.265765765765765138e+01 2.025362429392661312e+01
6.283783783783783861e+01 2.016591702662515573e+01
6.301801801801801162e+01 2.007852434057797097e+01
6.319819819819819884e+01 1.999144790692500351e+01
6.337837837837837185e+01 1.990468932662869150e+01
6.355855855855855907e+01 1.981825013163478744e+01
6.373873873873873208e+01 1.973213178602577855e+01
6.391891891891891930e+01 1.964633568716641321e+01
6.409909909909909231e+01 1.956086316684121229e+01
6.427927927927927954e+01 1.947571549238357136e+01
6.445945945945945255e+01 1.939089386779631141e+01
6.463963963963963977e+01 1.930639943486334076e+01
6.481981981981981278e+01 1.922223327425229300e+01
6.500000000000000000e+01 1.913839640660783559e+01
6.518018018018017301e+01 1.905488979363553526e+01
6.536036036036036023e+01 1.897171433917603167e+01
6.554054054054053324e+01 1.888887089026937716e+01
6.572072072072072046e+01 1.880636023820935421e+01
6.590090090090089348e+01 1.872418311958766424e+01
6.608108108108108070e+01 1.864234021732776370e+01
6.626126126126125371e+01 1.856083216170831918e+01
6.644144144144144093e+01 1.847965953137605055e+01
6.662162162162161394e+01 1.839882285434799414e+01
6.680180180180180116e+01 1.831832260900289455e+01
6.698198198198197417e+01 1.823815922506186027e+01
6.716216216216216139e+01 1.815833308455794537e+01
6.734234234234233440e+01 1.807884452279489196e+01
6.752252252252252163e+01 1.799969382929460338e+01
6.770270270270269464e+01 1.792088124873368926e+01
6.788288288288288186e+01 1.784240698186864549e+01
6.806306306306305487e+01 1.776427118644996384e+01
6.824324324324324209e+01 1.768647397812490496e+01
6.842342342342341510e+01 1.760901543132903768e+01
6.860360360360360232e+01 1.753189558016644156e+01
6.878378378378377533e+01 1.745511441927867935e+01
6.896396396396396256e+01 1.737867190470234746e+01
6.914414414414413557e+01 1.730256795471543185e+01
6.932432432432432279e+01 1.722680245067227034e+01
6.950450450450449580e+01 1.715137523782728124e+01
6.968468468468468302e+01 1.707628612614737662e+01
6.986486486486485603e+01 1.700153489111317029e+01
7.004504504504504325e+01 1.692712127450888460e+01
7.022522522522521626e+01 1.685304498520119765e+01
7.040540540540540349e+01 1.677930569990679288e+01
7.058558558558557650e+01 1.670590306394891300e+01
7.076576576576576372e+01 1.663283669200276904e+01
7.094594594594593673e+01 1.656010616883002484e+01
7.112612612612612395e+01 1.648771105000221482e+01
7.130630630630629696e+01 1.641565086261336859e+01
7.148648648648648418e+01 1.634392510598170745e+01
7.166666666666665719e+01 1.627253325234063297e+01
7.184684684684684441e+01 1.620147474751896155e+01
7.202702702702701743e+01 1.613074901161056474e+01
7.220720720720720465e+01 1.606035543963337986e+01
7.238738738738737766e+01 1.599029340217803963e+01
7.256756756756756488e+01 1.592056224604597325e+01
7.274774774774773789e+01 1.585116129487728287e+01
7.292792792792792511e+01 1.578208984976829754e+01
7.310810810810809812e+01 1.571334718987903756e+01
7.328828828828827113e+01 1.564493257303055351e+01
7.346846846846847257e+01 1.557684523629228401e+01
7.364864864864864558e+01 1.550908439655961857e+01
7.382882882882881859e+01 1.544164925112148445e+01
7.400900900900899160e+01 1.537453897821840165e+01
7.418918918918919303e+01 1.530775273759081578e+01
7.436936936936936604e+01 1.524128967101799503e+01
7.454954954954953905e+01 1.517514890284743601e+01
7.472972972972971206e+01 1.510932954051499699e+01
7.490990990990991349e+01 1.504383067505581018e+01
7.509009009009008651e+01 1.497865138160610066e+01
7.527027027027025952e+01 1.491379071989590166e+01
7.545045045045043253e+01 1.484924773473293946e+01
7.563063063063063396e+01 1.478502145647768451e+01
7.581081081081080697e+01 1.472111090150970192e+01
7.599099099099097998e+01 1.465751507268532627e+01
7.617117117117115299e+01 1.459423295978692536e+01
7.635135135135135442e+01 1.453126353996371556e+01
7.653153153153152743e+01 1.446860577816431537e+01
7.671171171171170045e+01 1.440625862756102471e+01
7.689189189189187346e+01 1.434422102996613013e+01
7.707207207207207489e+01 1.428249191624013292e+01
7.725225225225224790e+01 1.422107020669219146e+01
7.743243243243242091e+01 1.415995481147265878e+01
7.761261261261259392e+01 1.409914463095807413e+01
7.779279279279279535e+01 1.403863855612852163e+01
7.797297297297296836e+01 1.397843546893756717e+01
7.815315315315314137e+01 1.391853424267475070e+01
7.833333333333331439e+01 1.385893374232091801e+01
7.851351351351351582e+01 1.379963282489633691e+01
7.869369369369368883e+01 1.374063033980180393e+01
7.887387387387386184e+01 1.368192512915272196e+01
7.905405405405403485e+01 1.362351602810640472e+01
7.923423423423423628e+01 1.356540186518258828e+01
7.941441441441440929e+01 1.350758146257732406e+01
7.959459459459458230e+01 1.345005363647025831e+01
7.977477477477475531e+01 1.339281719732550613e+01
7.995495495495495675e+01 1.333587095018616253e+01
8.013513513513512976e+01 1.327921369496256254e+01
8.031531531531530277e+01 1.322284422671432047e+01
8.049549549549547578e+01 1.316676133592638109e+01
8.067567567567567721e+01 1.311096380877903478e+01
8.085585585585585022e+01 1.305545042741212391e+01
8.103603603603602323e+01 1.300021997018335362e+01
8.121621621621619624e+01 1.294527121192103358e+01
8.139639639639639768e+01 1.289060292417112308e+01
8.157657657657657069e+01 1.283621387543884751e+01
8.175675675675674370e+01 1.278210283142479398e+01
8.193693693693691671e+01 1.272826855525577372e+01
8.211711711711711814e+01 1.267470980771038214e+01
8.229729729729729115e+01 1.262142534743943934e+01
8.247747747747746416e+01 1.256841393118131123e+01
8.265765765765763717e+01 1.251567431397229946e+01
8.283783783783783861e+01 1.246320524935209662e+01
8.301801801801801162e+01 1.241100548956446303e+01
8.319819819819818463e+01 1.235907378575310567e+01
8.337837837837838606e+01 1.230740888815296863e+01
8.355855855855855907e+01 1.225600954627694072e+01
8.373873873873873208e+01 1.220487450909802440e+01
8.391891891891890509e+01 1.215400252522715085e+01
8.409909909909910652e+01 1.210339234308662881e+01
8.427927927927927954e+01 1.205304271107936387e+01
8.445945945945945255e+01 1.200295237775383583e+01
8.463963963963962556e+01 1.195312009196504377e+01
8.481981981981982699e+01 1.190354460303135653e+01
8.500000000000000000e+01 1.185422466088747662e+01
8.518018018018017301e+01 1.180515901623341257e+01
8.536036036036034602e+01 1.175634642067972635e+01
8.554054054054054745e+01 1.170778562688899527e+01
8.572072072072072046e+01 1.165947538871361644e+01
8.590090090090089348e+01 1.161141446132995370e+01
8.608108108108106649e+01 1.156360160136902060e+01
8.626126126126126792e+01 1.151603556704360010e+01
8.644144144144144093e+01 1.146871511827206547e+01
8.662162162162161394e+01 1.142163901679872318e+01
8.680180180180178695e+01 1.137480602631097959e+01
8.698198198198198838e+01 1.132821491255325164e+01
8.716216216216216139e+01 1.128186444343772621e+01
8.734234234234233440e+01 1.123575338915199318e+01
8.752252252252250742e+01 1.118988052226370122e+01
8.770270270270270885e+01 1.114424461782217080e+01
8.788288288288288186e+01 1.109884445345716664e+01
8.806306306306305487e+01 1.105367880947471448e+01
8.824324324324322788e+01 1.100874646895018927e+01
8.842342342342342931e+01 1.096404621781862332e+01
8.860360360360360232e+01 1.091957684496232872e+01
8.878378378378377533e+01 1.087533714229585868e+01
8.896396396396394834e+01 1.083132590484840208e+01
8.914414414414414978e+01 1.078754193084362889e+01
8.932432432432432279e+01 1.074398402177708434e+01
8.950450450450449580e+01 1.070065098249108360e+01
8.968468468468466881e+01 1.065754162124728666e+01
8.986486486486487024e+01 1.061465474979688750e+01
9.004504504504504325e+01 1.057198918344858640e+01
9.022522522522521626e+01 1.052954374113421743e+01
9.040540540540538927e+01 1.048731724547227984e+01
9.058558558558559071e+01 1.044530852282925260e+01
9.076576576576576372e+01 1.040351640337888206e+01
9.094594594594593673e+01 1.036193972115930428e+01
9.112612612612610974e+01 1.032057731412825419e+01
9.130630630630631117e+01 1.027942802421623192e+01
9.148648648648648418e+01 1.023849069737780404e+01
9.166666666666665719e+01 1.019776418364092940e+01
9.184684684684683020e+01 1.015724733715451578e+01
9.202702702702703164e+01 1.011693901623412017e+01
9.220720720720720465e+01 1.007683808340592080e+01
9.238738738738737766e+01 1.003694340544889307e+01
9.256756756756755067e+01 9.997253853435360327e+00
9.274774774774775210e+01 9.957768302769839153e+00
9.292792792792792511e+01 9.918485633226318043e+00
9.310810810810809812e+01 9.879404728983871564e+00
9.328828828828827113e+01 9.840524478660809038e+00
9.346846846846847257e+01 9.801843775347247600e+00
9.364864864864864558e+01 9.763361516636267723e+00
9.382882882882881859e+01 9.725076604653533963e+00
9.400900900900899160e+01 9.686987946085590551e+00
9.418918918918919303e+01 9.649094452206709249e+00
9.436936936936936604e+01 9.611395038904449351e+00
9.454954954954953905e+01 9.573888626703823235e+00
9.472972972972971206e+01 9.536574140790227361e+00
9.490990990990991349e+01 9.499450511031099609e+00
9.509009009009008651e+01 9.462516671996359818e+00
9.527027027027025952e+01 9.425771562977603324e+00
9.545045045045043253e+01 9.389214128006177162e+00
9.563063063063063396e+01 9.352843315870067897e+00
9.581081081081080697e+01 9.316658080129720076e+00
9.599099099099097998e+01 9.280657379132698281e+00
9.617117117117115299e+01 9.244840176027331324e+00
9.635135135135135442e+01 9.209205438775304842e+00
9.653153153153152743e+01 9.173752140163250246e+00
9.671171171171170045e+01 9.138479257813305168e+00
9.689189189189187346e+01 9.103385774192750191e+00
9.707207207207207489e+01 9.068470676622677473e+00
9.725225225225224790e+01 9.033732957285772969e+00
9.743243243243242091e+01 8.999171613233146516e+00
9.761261261261259392e+01 8.964785646390344809e+00
9.779279279279279535e+01 8.930574063562472631e+00
9.797297297297296836e+01 8.896535876438532497e+00
9.815315315315314137e+01 8.862670101594879668e+00
9.833333333333331439e+01 8.828975760497963066e+00
9.851351351351351582e+01 8.795451879506241966e+00
9.869369369369368883e+01 8.762097489871422340e+00
9.887387387387386184e+01 8.728911627738865420e+00
9.905405405405403485e+01 8.695893334147379861e+00
9.923423423423423628e+01 8.663041655028267840e+00
9.941441441441440929e+01 8.630355641203733441e+00
9.959459459459458230e+01 8.597834348384594705e+00
9.977477477477475531e+01 8.565476837167389945e+00
9.995495495495495675e+01 8.533282173030857010e+00
1.001351351351351298e+02 8.501249426331819237e+00
1.003153153153153028e+02 8.469377672300447912e+00
1.004954954954954758e+02 8.437665991034990043e+00
1.006756756756756772e+02 8.406113467495933023e+00
1.008558558558558502e+02 8.374719191499639948e+00
1.010360360360360232e+02 8.343482257711412942e+00
1.012162162162161962e+02 8.312401765638108841e+00
1.013963963963963977e+02 8.281476819620229080e+00
1.015765765765765707e+02 8.250706528823538832e+00
1.017567567567567437e+02 8.220090007230199447e+00
1.019369369369369167e+02 8.189626373629478095e+00
1.021171171171171181e+02 8.159314751607986693e+00
1.022972972972972912e+02 8.129154269539546007e+00
1.024774774774774642e+02 8.099144060574557713e+00
1.026576576576576372e+02 8.069283262629053155e+00
1.028378378378378386e+02 8.039571018373298017e+00
1.030180180180180116e+02 8.010006475220068367e+00
1.031981981981981846e+02 7.980588785312511924e+00
1.033783783783783576e+02 7.951317105511689576e+00
1.035585585585585591e+02 7.922190597383764299e+00
1.037387387387387321e+02 7.893208427186877429e+00
1.039189189189189051e+02 7.864369765857659011e+00
1.040990990990990781e+02 7.835673788997480571e+00
1.042792792792792795e+02 7.807119676858367718e+00
1.044594594594594525e+02 7.778706614328671165e+00
1.046396396396396256e+02 7.750433790918394017e+00
1.048198198198197986e+02 7.722300400744304127e+00
1.050000000000000000e+02 7.694305642514759569e+00
1.051801801801801730e+02 7.666448719514304067e+00
1.053603603603603460e+02 7.638728839587980879e+00
1.055405405405405190e+02 7.611145215125461050e+00
1.057207207207207205e+02 7.583697063044909648e+00
1.059009009009008935e+02 7.556383604776671703e+00
1.060810810810810665e+02 7.529204066246702354e+00
1.062612612612612395e+02 7.502157677859844220e+00
1.064414414414414409e+02 7.475243674482882739e+00
1.066216216216216139e+02 7.448461295427444284e+00
1.068018018018017870e+02 7.421809784432677581e+00
1.069819819819819884e+02 7.395288389647796556e+00
1.071621621621621614e+02 7.368896363614471312e+00
1.073423423423423344e+02 7.342632963249019262e+00
1.075225225225225074e+02 7.316497449824485244e+00
1.077027027027027088e+02 7.290489088952569752e+00
1.078828828828828819e+02 7.264607150565431937e+00
1.080630630630630549e+02 7.238850908897327407e+00
1.082432432432432279e+02 7.213219642466166981e+00
1.084234234234234293e+02 7.187712634054932437e+00
1.086036036036036023e+02 7.162329170693007008e+00
1.087837837837837753e+02 7.137068543637356655e+00
1.089639639639639483e+02 7.111930048353654499e+00
1.091441441441441498e+02 7.086912984497294232e+00
1.093243243243243228e+02 7.062016655894326256e+00
1.095045045045044958e+02 7.037240370522281019e+00
1.096846846846846688e+02 7.012583440490951503e+00
1.098648648648648702e+02 6.988045182023073565e+00
1.100450450450450433e+02 6.963624915434972529e+00
1.102252252252252163e+02 6.939321965117094315e+00
1.104054054054053893e+02 6.915135659514530353e+00
1.105855855855855907e+02 6.891065331107451897e+00
1.107657657657657637e+02 6.867110316391530134e+00
1.109459459459459367e+02 6.843269955858257703e+00
1.111261261261261097e+02 6.819543593975284423e+00
1.113063063063063112e+02 6.795930579166676644e+00
1.114864864864864842e+02 6.772430263793176586e+00
1.116666666666666572e+02 6.749042004132393302e+00
1.118468468468468302e+02 6.725765160358995409e+00
1.120270270270270316e+02 6.702599096524876288e+00
1.122072072072072046e+02 6.679543180539307734e+00
1.123873873873873777e+02 6.656596784149053647e+00
1.125675675675675507e+02 6.633759282918493483e+00
1.127477477477477521e+02 6.611030056209739492e+00
1.129279279279279251e+02 6.588408487162743299e+00
1.131081081081080981e+02 6.565893962675386497e+00
1.132882882882882711e+02 6.543485873383592555e+00
1.134684684684684726e+02 6.521183613641436061e+00
1.136486486486486456e+02 6.498986581501263515e+00
1.138288288288288186e+02 6.476894178693803461e+00
1.140090090090089916e+02 6.454905810608319250e+00
1.141891891891891930e+02 6.433020886272746708e+00
1.143693693693693660e+02 6.411238818333886869e+00
1.145495495495495391e+02 6.389559023037574725e+00
1.147297297297297121e+02 6.367980920208900386e+00
1.149099099099099135e+02 6.346503933232447103e+00
1.150900900900900865e+02 6.325127489032564831e+00
1.152702702702702595e+02 6.303851018053649113e+00
1.154504504504504325e+02 6.282673954240481251e+00
1.156306306306306340e+02 6.261595735018578246e+00
1.158108108108108070e+02 6.240615801274604912e+00
1.159909909909909800e+02 6.219733597336786879e+00
1.161711711711711530e+02 6.198948570955397308e+00
1.163513513513513544e+02 6.178260173283265821e+00
1.165315315315315274e+02 6.157667858856353149e+00
1.167117117117117004e+02 6.137171085574328444e+00
1.168918918918918735e+02 6.116769314681233638e+00
1.170720720720720749e+02 6.096462010746181548e+00
1.172522522522522479e+02 6.076248641644113491e+00
1.174324324324324209e+02 6.056128678536576437e+00
1.176126126126125939e+02 6.036101595852593427e+00
1.177927927927927954e+02 6.016166871269563288e+00
1.179729729729729684e+02 5.996323985694238523e+00
1.181531531531531414e+02 5.976572423243722731e+00
1.183333333333333144e+02 5.956911671226563953e+00
1.185135135135135158e+02 5.937341220123886210e+00
1.186936936936936888e+02 5.917860563570602750e+00
1.188738738738738618e+02 5.898469198336656838e+00
1.190540540540540349e+02 5.879166624308362010e+00
1.192342342342342363e+02 5.859952344469778751e+00
1.194144144144144093e+02 5.840825864884187979e+00
1.195945945945945823e+02 5.821786694675584961e+00
1.197747747747747553e+02 5.802834346010288691e+00
1.199549549549549567e+02 5.783968334078583240e+00
1.201351351351351298e+02 5.765188177076458587e+00
1.203153153153153028e+02 5.746493396187387859e+00
1.204954954954954758e+02 5.727883515564204053e+00
1.206756756756756772e+02 5.709358062311029158e+00
1.208558558558558502e+02 5.690916566465300086e+00
1.210360360360360232e+02 5.672558560979827469e+00
1.212162162162161962e+02 5.654283581704971695e+00
1.213963963963963977e+02 5.636091167370859800e+00
1.215765765765765707e+02 5.617980859569705387e+00
1.217567567567567437e+02 5.599952202738176510e+00
1.219369369369369167e+02 5.582004744139857699e+00
1.221171171171171181e+02 5.564138033847784826e+00
1.222972972972972912e+02 5.546351624727064333e+00
1.224774774774774642e+02 5.528645072417546658e+00
1.226576576576576372e+02 5.511017935316605332e+00
1.228378378378378386e+02 5.493469774561976493e+00
1.230180180180180116e+02 5.476000154014696086e+00
1.231981981981981846e+02 5.458608640242089471e+00
1.233783783783783576e+02 5.441294802500864058e+00
1.235585585585585591e+02 5.424058212720272998e+00
1.237387387387387321e+02 5.406898445485365023e+00
1.239189189189189051e+02 5.389815078020302686e+00
1.240990990990990781e+02 5.372807690171773842e+00
1.242792792792792795e+02 5.355875864392480423e+00
1.244594594594594525e+02 5.339019185724716010e+00
1.246396396396396256e+02 5.322237241784001149e+00
1.248198198198197986e+02 5.305529622742835905e+00
1.250000000000000000e+02 5.288895921314501258e+00
