-5.500000000000000000e+01 6.158641877876571691e+00
-5.481981981981981988e+01 6.180515934972197201e+00
-5.463963963963963977e+01 6.202498154581726375e+00
-5.445945945945945965e+01 6.224589184884019133e+00
-5.427927927927927954e+01 6.246789678264090817e+00
-5.409909909909909942e+01 6.269100291337640130e+00
-5.391891891891891930e+01 6.291521684975595718e+00
-5.373873873873873919e+01 6.314054524328726714e+00
-5.355855855855855907e+01 6.336699478852207967e+00
-5.337837837837837895e+01 6.359457222330274995e+00
-5.319819819819819884e+01 6.382328432900863824e+00
-5.301801801801801872e+01 6.405313793080272156e+00
-5.283783783783783861e+01 6.428413989787815197e+00
-5.265765765765765849e+01 6.451629714370507251e+00
-5.247747747747747837e+01 6.474961662627736203e+00
-5.229729729729729826e+01 6.498410534835938002e+00
-5.211711711711711814e+01 6.521977035773257825e+00
-5.193693693693693803e+01 6.545661874744196140e+00
-5.175675675675675791e+01 6.569465765604269869e+00
-5.157657657657657779e+01 6.593389426784605156e+00
-5.139639639639639768e+01 6.617433581316534585e+00
-5.121621621621621756e+01 6.641598956856160640e+00
-5.103603603603603744e+01 6.665886285708888082e+00
-5.085585585585585733e+01 6.690296304853900367e+00
-5.067567567567567721e+01 6.714829755968588110e+00
-5.049549549549549710e+01 6.739487385452945567e+00
-5.031531531531531698e+01 6.764269944453909389e+00
-5.013513513513513686e+01 6.789178188889599674e+00
-4.995495495495495675e+01 6.814212879473529938e+00
-4.977477477477477663e+01 6.839374781738721154e+00
-4.959459459459459651e+01 6.864664666061739418e+00
-4.941441441441441640e+01 6.890083307686652780e+00
-4.923423423423423628e+01 6.915631486748870849e+00
-4.905405405405405617e+01 6.941309988298900890e+00
-4.887387387387387605e+01 6.967119602325992034e+00
-4.869369369369369593e+01 6.993061123781662225e+00
-4.851351351351351582e+01 7.019135352603089295e+00
-4.833333333333333570e+01 7.045343093736385676e+00
-4.815315315315315559e+01 7.071685157159730117e+00
-4.797297297297297547e+01 7.098162357906348419e+00
-4.779279279279279535e+01 7.124775516087334282e+00
-4.761261261261261524e+01 7.151525456914315626e+00
-4.743243243243243512e+01 7.178413010721942378e+00
-4.725225225225225500e+01 7.205439012990193071e+00
-4.707207207207207489e+01 7.232604304366484271e+00
-4.689189189189189477e+01 7.259909730687590823e+00
-4.671171171171171466e+01 7.287356143001352038e+00
-4.653153153153153454e+01 7.314944397588152292e+00
-4.635135135135135442e+01 7.342675355982171581e+00
-4.617117117117116720e+01 7.370549884992404266e+00
-4.599099099099099419e+01 7.398568856723424680e+00
-4.581081081081080697e+01 7.426733148595879186e+00
-4.563063063063063396e+01 7.455043643366713546e+00
-4.545045045045044674e+01 7.483501229149120526e+00
-4.527027027027027373e+01 7.512106799432192616e+00
-4.509009009009008651e+01 7.540861253100243466e+00
-4.490990990990991349e+01 7.569765494451831778e+00
-4.472972972972972627e+01 7.598820433218445025e+00
-4.454954954954955326e+01 7.628026984582850112e+00
-4.436936936936936604e+01 7.657386069197047895e+00
-4.418918918918919303e+01 7.686898613199891095e+00
-4.400900900900900581e+01 7.716565548234306959e+00
-4.382882882882883280e+01 7.746387811464115813e+00
-4.364864864864864558e+01 7.776366345590418838e+00
-4.346846846846847257e+01 7.806502098867574624e+00
-4.328828828828828534e+01 7.836796025118744957e+00
-4.310810810810811233e+01 7.867249083750938787e+00
-4.292792792792792511e+01 7.897862239769612991e+00
-4.274774774774775210e+01 7.928636463792747335e+00
-4.256756756756756488e+01 7.959572732064460254e+00
-4.238738738738739187e+01 7.990672026468039313e+00
-4.220720720720720465e+01 8.021935334538479623e+00
-4.202702702702703164e+01 8.053363649474404085e+00
-4.184684684684684441e+01 8.084957970149453388e+00
-4.166666666666667140e+01 8.116719301123065833e+00
-4.148648648648648418e+01 8.148648652650603452e+00
-4.130630630630631117e+01 8.180747040692875061e+00
-4.112612612612612395e+01 8.213015486925000275e+00
-4.094594594594595094e+01 8.245455018744578979e+00
-4.076576576576576372e+01 8.278066669279173340e+00
-4.058558558558559071e+01 8.310851477393036646e+00
-4.040540540540540349e+01 8.343810487693174238e+00
-4.022522522522522337e+01 8.376944750534539352e+00
-4.004504504504504325e+01 8.410255322024532632e+00
-3.986486486486486314e+01 8.443743264026611683e+00
-3.968468468468468302e+01 8.477409644163136804e+00
-3.950450450450450290e+01 8.511255535817301876e+00
-3.932432432432432279e+01 8.545282018134193081e+00
-3.914414414414414267e+01 8.579490176020961201e+00
-3.896396396396396256e+01 8.613881100146032921e+00
-3.878378378378378954e+01 8.648455886937350456e+00
-3.860360360360360232e+01 8.683215638579673268e+00
-3.842342342342342931e+01 8.718161463010762446e+00
-3.824324324324324209e+01 8.753294473916634288e+00
-3.806306306306306908e+01 8.788615790725655685e+00
-3.788288288288288186e+01 8.824126538601566594e+00
-3.770270270270270174e+01 8.859827848435338993e+00
-3.752252252252252163e+01 8.895720856835914958e+00
-3.734234234234234151e+01 8.931806706119717276e+00
-3.716216216216216139e+01 8.968086544298902396e+00
-3.698198198198198128e+01 9.004561525068412564e+00
-3.680180180180180116e+01 9.041232807791669046e+00
-3.662162162162162105e+01 9.078101557484973938e+00
-3.644144144144144093e+01 9.115168944800524642e+00
-3.626126126126126081e+01 9.152436146008019691e+00
-3.608108108108108070e+01 9.189904342974845264e+00
-3.590090090090090058e+01 9.227574723144785551e+00
-3.572072072072072046e+01 9.265448479515168145e+00
-3.554054054054054035e+01 9.303526810612517295e+00
-3.536036036036036023e+01 9.341810920466594226e+00
-3.518018018018018012e+01 9.380302018582774792e+00
-3.500000000000000000e+01 9.419001319912782222e+00
-3.481981981981981988e+01 9.457910044823680806e+00
-3.463963963963963977e+01 9.497029419065139422e+00
-3.445945945945945965e+01 9.536360673734849414e+00
-3.427927927927927954e+01 9.575905045242105729e+00
-3.409909909909909942e+01 9.615663775269503333e+00
-3.391891891891891930e+01 9.655638110732699175e+00
-3.373873873873873919e+01 9.695829303738147331e+00
-3.355855855855855907e+01 9.736238611538816201e+00
-3.337837837837837895e+01 9.776867296487820269e+00
-3.319819819819819884e+01 9.817716625989922008e+00
-3.301801801801801872e+01 9.858787872450813339e+00
-3.283783783783783861e+01 9.900082313224176644e+00
-3.265765765765765849e+01 9.941601230556441848e+00
-3.247747747747747837e+01 9.983345911529211136e+00
-3.229729729729729826e+01 1.002531764799923764e+01
-3.211711711711711814e+01 1.006751773653596693e+01
-3.193693693693693803e+01 1.010994747835656860e+01
-3.175675675675675791e+01 1.015260817925837067e+01
-3.157657657657657779e+01 1.019550114954864917e+01
-3.139639639639639768e+01 1.023862770397172461e+01
-3.121621621621621756e+01 1.028198916163329990e+01
-3.103603603603603744e+01 1.032558684592198084e+01
-3.085585585585585733e+01 1.036942208442787994e+01
-3.067567567567567721e+01 1.041349620885826965e+01
-3.049549549549549710e+01 1.045781055495023004e+01
-3.031531531531531698e+01 1.050236646238019844e+01
-3.013513513513513686e+01 1.054716527467034304e+01
-2.995495495495495675e+01 1.059220833909171411e+01
-2.977477477477477663e+01 1.063749700656410013e+01
-2.959459459459459651e+01 1.068303263155248573e+01
-2.941441441441441640e+01 1.072881657196009186e+01
-2.923423423423423628e+01 1.077485018901784386e+01
-2.905405405405405617e+01 1.082113484717026530e+01
-2.887387387387387605e+01 1.086767191395768783e+01
-2.869369369369369593e+01 1.091446275989467907e+01
-2.851351351351351582e+01 1.096150875834465666e+01
-2.833333333333333570e+01 1.100881128539051979e+01
-2.815315315315315559e+01 1.105637171970134958e+01
-2.797297297297297547e+01 1.110419144239492439e+01
-2.779279279279279535e+01 1.115227183689613177e+01
-2.761261261261261524e+01 1.120061428879103715e+01
-2.743243243243243512e+01 1.124922018567664317e+01
-2.725225225225225500e+01 1.129809091700616541e+01
-2.707207207207207489e+01 1.134722787392977139e+01
-2.689189189189189477e+01 1.139663244913066897e+01
-2.671171171171171466e+01 1.144630603665647683e+01
-2.653153153153153454e+01 1.149625003174574545e+01
-2.635135135135135442e+01 1.154646583064951848e+01
-2.617117117117117431e+01 1.159695483044792752e+01
-2.599099099099099064e+01 1.164771842886158204e+01
-2.581081081081081052e+01 1.169875802405774046e+01
-2.563063063063063041e+01 1.175007501445116453e+01
-2.545045045045045029e+01 1.180167079849945289e+01
-2.527027027027027017e+01 1.185354677449290683e+01
-2.509009009009009006e+01 1.190570434033861780e+01
-2.490990990990990994e+01 1.195814489333886144e+01
-2.472972972972972983e+01 1.201086982996353214e+01
-2.454954954954954971e+01 1.206388054561661605e+01
-2.436936936936936959e+01 1.211717843439646281e+01
-2.418918918918918948e+01 1.217076488884990226e+01
-2.400900900900900936e+01 1.222464129971990410e+01
-2.382882882882882924e+01 1.227880905568680703e+01
-2.364864864864864913e+01 1.233326954310291157e+01
-2.346846846846846901e+01 1.238802414572032617e+01
-2.328828828828828890e+01 1.244307424441195664e+01
-2.310810810810810878e+01 1.249842121688553043e+01
-2.292792792792793222e+01 1.255406643739041606e+01
-2.274774774774775210e+01 1.261001127641729447e+01
-2.256756756756757198e+01 1.266625710039035546e+01
-2.238738738738739187e+01 1.272280527135198547e+01
-2.220720720720721175e+01 1.277965714663983654e+01
-2.202702702702703164e+01 1.283681407855606338e+01
-2.184684684684685152e+01 1.289427741402860939e+01
-2.166666666666667140e+01 1.295204849426442451e+01
-2.148648648648649129e+01 1.301012865439447275e+01
-2.130630630630631117e+01 1.306851922311037484e+01
-2.112612612612613106e+01 1.312722152229247463e+01
-2.094594594594595094e+01 1.318623686662931682e+01
-2.076576576576577082e+01 1.324556656322828019e+01
-2.058558558558559071e+01 1.330521191121724733e+01
-2.040540540540540349e+01 1.336517420133714928e+01
-2.022522522522522337e+01 1.342545471552526770e+01
-2.004504504504504325e+01 1.348605472648907622e+01
-1.986486486486486314e+01 1.354697549727054273e+01
-1.968468468468468302e+01 1.360821828080065821e+01
-1.950450450450450290e+01 1.366978431944407113e+01
-1.932432432432432279e+01 1.373167484453368736e+01
-1.914414414414414267e+01 1.379389107589501506e+01
-1.896396396396396256e+01 1.385643422136014991e+01
-1.878378378378378244e+01 1.391930547627120873e+01
-1.860360360360360232e+01 1.398250602297303224e+01
-1.842342342342342221e+01 1.404603703029505724e+01
-1.824324324324324209e+01 1.410989965302204929e+01
-1.806306306306306197e+01 1.417409503135373861e+01
-1.788288288288288186e+01 1.423862429035298405e+01
-1.770270270270270174e+01 1.430348853938241227e+01
-1.752252252252252163e+01 1.436868887152932572e+01
-1.734234234234234151e+01 1.443422636301875883e+01
-1.716216216216216139e+01 1.450010207261439810e+01
-1.698198198198198128e+01 1.456631704100730396e+01
-1.680180180180180116e+01 1.463287229019221769e+01
-1.662162162162162105e+01 1.469976882283129527e+01
-1.644144144144144093e+01 1.476700762160504254e+01
-1.626126126126126081e+01 1.483458964855036832e+01
-1.608108108108108070e+01 1.490251584438549415e+01
-1.590090090090090058e+01 1.497078712782162135e+01
-1.572072072072072046e+01 1.503940439486111735e+01
-1.554054054054054035e+01 1.510836851808209147e+01
-1.536036036036036023e+01 1.517768034590918269e+01
-1.518018018018018012e+01 1.524734070187038704e+01
-1.500000000000000000e+01 1.531735038383968117e+01
-1.481981981981981988e+01 1.538771016326545293e+01
-1.463963963963963977e+01 1.545842078438435330e+01
-1.445945945945945965e+01 1.552948296342055201e+01
-1.427927927927927954e+01 1.560089738777013757e+01
-1.409909909909909942e+01 1.567266471517062598e+01
-1.391891891891891930e+01 1.574478557285522129e+01
-1.373873873873873919e+01 1.581726055669184383e+01
-1.355855855855855907e+01 1.589009023030664380e+01
-1.337837837837837895e+01 1.596327512419195038e+01
-1.319819819819819884e+01 1.603681573479838463e+01
-1.301801801801801872e+01 1.611071252361106332e+01
-1.283783783783783861e+01 1.618496591620975167e+01
-1.265765765765765849e+01 1.625957630131267351e+01
-1.247747747747747837e+01 1.633454402980412823e+01
-1.229729729729729826e+01 1.640986941374538333e+01
-1.211711711711711814e+01 1.648555272536908589e+01
-1.193693693693693803e+01 1.656159419605675609e+01
-1.175675675675675791e+01 1.663799401529945854e+01
-1.157657657657657779e+01 1.671475232964131763e+01
-1.139639639639639768e+01 1.679186924160598693e+01
-1.121621621621621756e+01 1.686934480860574936e+01
-1.103603603603603744e+01 1.694717904183319845e+01
-1.085585585585585733e+01 1.702537190513552545e+01
-1.067567567567567721e+01 1.710392331387108555e+01
-1.049549549549549710e+01 1.718283313374831778e+01
-1.031531531531531698e+01 1.726210117964685509e+01
-1.013513513513513686e+01 1.734172721442078213e+01
-9.954954954954956747e+00 1.742171094768390205e+01
-9.774774774774776631e+00 1.750205203457703718e+01
-9.594594594594596515e+00 1.758275007451718963e+01
-9.414414414414416399e+00 1.766380460992860080e+01
-9.234234234234236283e+00 1.774521512495562092e+01
-9.054054054054056166e+00 1.782698104415734619e+01
-8.873873873873876050e+00 1.790910173118399840e+01
-8.693693693693695934e+00 1.799157648743505789e+01
-8.513513513513515818e+00 1.807440455069908225e+01
-8.333333333333335702e+00 1.815758509377525343e+01
-8.153153153153155586e+00 1.824111722307660344e+01
-7.972972972972975469e+00 1.832499997721508223e+01
-7.792792792792795353e+00 1.840923232556824374e+01
-7.612612612612615237e+00 1.849381316682786291e+01
-7.432432432432435121e+00 1.857874132753033436e+01
-7.252252252252255005e+00 1.866401556056901967e+01
-7.072072072072074889e+00 1.874963454368860738e+01
-6.891891891891894772e+00 1.883559687796146065e+01
-6.711711711711714656e+00 1.892190108624630085e+01
-6.531531531531534540e+00 1.900854561162899969e+01
-6.351351351351354424e+00 1.909552881584595951e+01
-6.171171171171174308e+00 1.918284897768992536e+01
-5.990990990990994192e+00 1.927050429139857357e+01
-5.810810810810814075e+00 1.935849286502598687e+01
-5.630630630630633959e+00 1.944681271879712625e+01
-5.450450450450453843e+00 1.953546178344567252e+01
-5.270270270270273727e+00 1.962443789853526255e+01
-5.090090090090093611e+00 1.971373881076443979e+01
-4.909909909909913495e+00 1.980336217225561413e+01
-4.729729729729733378e+00 1.989330553882821562e+01
-4.549549549549553262e+00 1.998356636825628030e+01
-4.369369369369373146e+00 2.007414201851095470e+01
-4.189189189189193030e+00 2.016502974598798659e+01
-4.009009009009012914e+00 2.025622670372077749e+01
-3.828828828828832798e+00 2.034772993957907516e+01
-3.648648648648652681e+00 2.043953639445398451e+01
-3.468468468468472565e+00 2.053164290042941431e+01
-3.288288288288292449e+00 2.062404617894048187e+01
-3.108108108108112333e+00 2.071674283891934820e+01
-2.927927927927932217e+00 2.080972937492880348e+01
-2.747747747747752101e+00 2.090300216528411070e+01
-2.567567567567571984e+00 2.099655747016369745e+01
-2.387387387387391868e+00 2.109039142970896208e+01
-2.207207207207211752e+00 2.118450006211393699e+01
-2.027027027027031636e+00 2.127887926170519250e+01
-1.846846846846851520e+00 2.137352479701264230e+01
-1.666666666666671404e+00 2.146843230883172993e+01
-1.486486486486491287e+00 2.156359730827759336e+01
-1.306306306306311171e+00 2.165901517483195349e+01
-1.126126126126131055e+00 2.175468115438312466e+01
-9.459459459459509389e-01 2.185059035725999621e+01
-7.657657657657708228e-01 2.194673775626052148e+01
-5.855855855855907066e-01 2.204311818467540007e+01
-4.054054054054105904e-01 2.213972633430776327e+01
-2.252252252252304743e-01 2.223655675348932448e+01
-4.504504504505035811e-02 2.233360384509404639e+01
1.351351351351297581e-01 2.243086186454972264e+01
3.153153153153098742e-01 2.252832491784845814e+01
4.954954954954899904e-01 2.262598695955673378e+01
6.756756756756701066e-01 2.272384179082575528e+01
8.558558558558502227e-01 2.282188305740297452e+01
1.036036036036030339e+00 2.292010424764550791e+01
1.216216216216210455e+00 2.301849869053626563e+01
1.396396396396390571e+00 2.311705955370354459e+01
1.576576576576570687e+00 2.321577984144497364e+01
1.756756756756750804e+00 2.331465239275652124e+01
1.936936936936930920e+00 2.341366987936743982e+01
2.117117117117111036e+00 2.351282480378188566e+01
2.297297297297291152e+00 2.361210949732810604e+01
2.477477477477471268e+00 2.371151611821577987e+01
2.657657657657651384e+00 2.381103664960262734e+01
2.837837837837838606e+00 2.391066289767066166e+01
3.018018018018018722e+00 2.401038648971312028e+01
3.198198198198198838e+00 2.411019887223272207e+01
3.378378378378378954e+00 2.421009130905190787e+01
3.558558558558559071e+00 2.431005487943580334e+01
3.738738738738739187e+00 2.441008047622852573e+01
3.918918918918919303e+00 2.451015880400348834e+01
4.099099099099099419e+00 2.461028037722828543e+01
4.279279279279279535e+00 2.471043551844463337e+01
4.459459459459459651e+00 2.481061435646393676e+01
4.639639639639639768e+00 2.491080682457880968e+01
4.819819819819819884e+00 2.501100265879113138e+01
5.000000000000000000e+00 2.511119139605672501e+01
5.180180180180180116e+00 2.521136237254699353e+01
5.360360360360360232e+00 2.531150472192777201e+01
5.540540540540540349e+00 2.541160737365528277e+01
5.720720720720720465e+00 2.551165905128941702e+01
5.900900900900900581e+00 2.561164827082397721e+01
6.081081081081080697e+00 2.571156333903393332e+01
6.261261261261260813e+00 2.581139235183912106e+01
6.441441441441440929e+00 2.591112319268406949e+01
6.621621621621621046e+00 2.601074353093339653e+01
6.801801801801801162e+00 2.611024082028174575e+01
6.981981981981981278e+00 2.620960229717791279e+01
7.162162162162161394e+00 2.630881497926144874e+01
7.342342342342341510e+00 2.640786566381104450e+01
7.522522522522521626e+00 2.650674092620292654e+01
7.702702702702701743e+00 2.660542711837779706e+01
7.882882882882881859e+00 2.670391036731434298e+01
8.063063063063061975e+00 2.680217657350737070e+01
8.243243243243242091e+00 2.690021140944800848e+01
8.423423423423422207e+00 2.699800031810357481e+01
8.603603603603602323e+00 2.709552851139408602e+01
8.783783783783782440e+00 2.719278096866227656e+01
8.963963963963962556e+00 2.728974243513349762e+01
9.144144144144135566e+00 2.738639742036184188e+01
9.324324324324322788e+00 2.748273019665806061e+01
9.504504504504495799e+00 2.757872479749465100e+01
9.684684684684683020e+00 2.767436501588339226e+01
9.864864864864856031e+00 2.776963440271939021e+01
1.004504504504504325e+01 2.786451626508614510e+01
1.022522522522521626e+01 2.795899366451490309e+01
1.040540540540540349e+01 2.805304941519159811e+01
1.058558558558557650e+01 2.814666608210364984e+01
1.076576576576576372e+01 2.823982597911876269e+01
1.094594594594593673e+01 2.833251116698678729e+01
1.112612612612612395e+01 2.842470345125552100e+01
1.130630630630629696e+01 2.851638438009019083e+01
1.148648648648648418e+01 2.860753524198588593e+01
1.166666666666665719e+01 2.869813706336134373e+01
1.184684684684684441e+01 2.878817060602167643e+01
1.202702702702701743e+01 2.887761636447663349e+01
1.220720720720720465e+01 2.896645456310035982e+01
1.238738738738737766e+01 2.905466515311709230e+01
1.256756756756756488e+01 2.914222780939688562e+01
1.274774774774773789e+01 2.922912192704368195e+01
1.292792792792792511e+01 2.931532661775722204e+01
1.310810810810809812e+01 2.940082070594903030e+01
1.328828828828828534e+01 2.948558272459134955e+01
1.346846846846845835e+01 2.956959091077625956e+01
1.364864864864864558e+01 2.965282320096134328e+01
1.382882882882881859e+01 2.973525722587572417e+01
1.400900900900900581e+01 2.981687030505993263e+01
1.418918918918919303e+01 2.989763944100978676e+01
1.436936936936936604e+01 2.997754131289404711e+01
1.454954954954955326e+01 3.005655226981251715e+01
1.472972972972972627e+01 3.013464832355982281e+01
1.490990990990991349e+01 3.021180514085761004e+01
1.509009009009008651e+01 3.028799803501556198e+01
1.527027027027027373e+01 3.036320195697929591e+01
1.545045045045044674e+01 3.043739148572027275e+01
1.563063063063063396e+01 3.051054081792053552e+01
1.581081081081080697e+01 3.058262375690148005e+01
1.599099099099099419e+01 3.065361370074349168e+01
1.617117117117116720e+01 3.072348362953925971e+01
1.635135135135135442e+01 3.079220609172072898e+01
1.653153153153152743e+01 3.085975318939541268e+01
1.671171171171171466e+01 3.092609656262441575e+01
1.689189189189188767e+01 3.099120737256992797e+01
1.707207207207207489e+01 3.105505628343610169e+01
1.725225225225224790e+01 3.111761344312219180e+01
1.743243243243243512e+01 3.117884846250269959e+01
1.761261261261260813e+01 3.123873039324345768e+01
1.779279279279279535e+01 3.129722770405810550e+01
1.797297297297296836e+01 3.135430825530341536e+01
1.815315315315315559e+01 3.140993927180640455e+01
1.833333333333332860e+01 3.146408731381024282e+01
1.851351351351351582e+01 3.151671824591965176e+01
1.869369369369368883e+01 3.156779720392017907e+01
1.887387387387387605e+01 3.161728855933928628e+01
1.905405405405404906e+01 3.166515588161019323e+01
1.923423423423423628e+01 3.171136189769291747e+01
1.941441441441440929e+01 3.175586844899964234e+01
1.959459459459459651e+01 3.179863644546525947e+01
1.977477477477476953e+01 3.183962581659618962e+01
1.995495495495495675e+01 3.187879545932512926e+01
2.013513513513512976e+01 3.191610318249194833e+01
2.031531531531531698e+01 3.195150564776590585e+01
2.049549549549548999e+01 3.198495830681860141e+01
2.067567567567567721e+01 3.201641533455353539e+01
2.085585585585585022e+01 3.204582955819403622e+01
2.103603603603603744e+01 3.207315238203072028e+01
2.121621621621621046e+01 3.209833370762928695e+01
2.139639639639639768e+01 3.212132184930283785e+01
2.157657657657657069e+01 3.214206344465798537e+01
2.175675675675675791e+01 3.216050336003449672e+01
2.193693693693693092e+01 3.217658459067145316e+01
2.211711711711711814e+01 3.219024815545338924e+01
2.229729729729729115e+01 3.220143298611592542e+01
2.247747747747747837e+01 3.221007581082562155e+01
2.265765765765765138e+01 3.221611103209342275e+01
2.283783783783783861e+01 3.221947059903764199e+01
2.301801801801801162e+01 3.222008387408405383e+01
2.319819819819819884e+01 3.221787749427862479e+01
2.337837837837837185e+01 3.221277522749754496e+01
2.355855855855855907e+01 3.220469782397258740e+01
2.373873873873873208e+01 3.219356286371257880e+01
2.391891891891891930e+01 3.217928460059856377e+01
2.409909909909909231e+01 3.216177380416861098e+01
2.427927927927927954e+01 3.214093760039500580e+01
2.445945945945945255e+01 3.211667931309945345e+01
2.463963963963963977e+01 3.208889830806416654e+01
2.481981981981981278e+01 3.205748984238561405e+01
2.500000000000000000e+01 3.202234492220138407e+01
2.518018018018017301e+01 3.198335017261140578e+01
2.536036036036036023e+01 3.194038772443238372e+01
2.554054054054053324e+01 3.189333512338875565e+01
2.572072072072072046e+01 3.184206526847776786e+01
2.590090090090089348e+01 3.178644638757681307e+01
2.608108108108108070e+01 3.172634205991599643e+01
2.626126126126125371e+01 3.166161129685123754e+01
2.644144144144144093e+01 3.159210869447520764e+01
2.662162162162161394e+01 3.151768467403283580e+01
2.680180180180180116e+01 3.143818582890050806e+01
2.698198198198197417e+01 3.135345540008134790e+01
2.716216216216216139e+01 3.126333390579304705e+01
2.734234234234233440e+01 3.116765995480984586e+01
2.752252252252252163e+01 3.106627127777720787e+01
2.770270270270269464e+01 3.095900601574630784e+01
2.788288288288288186e+01 3.084570431064235052e+01
2.806306306306305487e+01 3.072621024821776103e+01
2.824324324324324209e+01 3.060037421012303582e+01
2.842342342342341510e+01 3.046805569785731294e+01
2.860360360360360232e+01 3.032912669723837595e+01
2.878378378378377533e+01 3.018347565723803427e+01
2.896396396396396256e+01 3.003101216097079984e+01
2.914414414414413557e+01 2.987167236852058494e+01
2.932432432432432279e+01 2.970542531010320886e+01
2.950450450450449580e+01 2.953228010248186663e+01
2.968468468468468302e+01 2.935229414993630215e+01
2.986486486486485603e+01 2.916558237146369592e+01
3.004504504504504325e+01 2.897232746594997721e+01
3.022522522522521626e+01 2.877279118421901316e+01
3.040540540540540349e+01 2.856732651841899440e+01
3.058558558558557650e+01 2.835639064250668540e+01
3.076576576576576372e+01 2.814055834045300131e+01
3.094594594594593673e+01 2.792053554001920190e+01
3.112612612612612395e+01 2.769717243003520224e+01
3.130630630630629696e+01 2.747147548115253457e+01
3.148648648648648418e+01 2.724461752078564558e+01
3.166666666666665719e+01 2.701794484386313044e+01
3.184684684684684441e+01 2.679298018916833257e+01
3.202702702702701743e+01 2.657142029961300622e+01
3.220720720720720465e+01 2.635512674253840260e+01
3.238738738738737766e+01 2.614610872574781197e+01
3.256756756756756488e+01 2.594649683949416286e+01
3.274774774774773789e+01 2.575850701207875559e+01
3.292792792792792511e+01 2.558439450277711913e+01
3.310810810810809812e+01 2.542639846575194795e+01
3.328828828828828534e+01 2.528667846961552357e+01
3.346846846846845835e+01 2.516724528366941271e+01
3.364864864864864558e+01 2.506988914552086456e+01
3.382882882882881859e+01 2.499610948332837523e+01
3.400900900900900581e+01 2.494705054875624484e+01
3.418918918918917882e+01 2.492344750802398679e+01
3.436936936936936604e+01 2.492558716297997634e+01
3.454954954954953905e+01 2.495328661960300920e+01
3.472972972972972627e+01 2.500589195070389437e+01
3.490990990990989928e+01 2.508229734825957991e+01
3.509009009009008651e+01 2.518098361720876710e+01
3.527027027027025952e+01 2.530007333555442628e+01
3.545045045045044674e+01 2.543739878629579820e+01
3.563063063063061975e+01 2.559057799376999753e+01
3.581081081081080697e+01 2.575709393456826746e+01
3.599099099099097998e+01 2.593437222554330646e+01
3.617117117117116720e+01 2.611985323419063576e+01
3.635135135135134021e+01 2.631105548025526986e+01
3.653153153153152743e+01 2.650562825520009369e+01
3.671171171171170045e+01 2.670139244080984398e+01
3.689189189189188767e+01 2.689636945060869522e+01
3.707207207207206068e+01 2.708879897679328863e+01
3.725225225225224790e+01 2.727714676866446197e+01
3.743243243243243512e+01 2.746010399673955504e+01
3.761261261261260813e+01 2.763657989425840356e+01
3.779279279279279535e+01 2.780568935272802378e+01
3.797297297297296836e+01 2.796673702333503897e+01
3.815315315315315559e+01 2.811919928248292777e+01
3.833333333333332860e+01 2.826270519239135837e+01
3.851351351351351582e+01 2.839701735376473835e+01
3.869369369369368883e+01 2.852201332602184891e+01
3.887387387387387605e+01 2.863766809325289486e+01
3.905405405405404906e+01 2.874403788682371186e+01
3.923423423423423628e+01 2.884124553992005602e+01
3.941441441441440929e+01 2.892946744391953828e+01
3.959459459459459651e+01 2.900892209814814038e+01
3.977477477477476953e+01 2.907986018932410488e+01
3.995495495495495675e+01 2.914255610060674329e+01
4.013513513513512976e+01 2.919730072863804793e+01
4.031531531531531698e+01 2.924439547671027029e+01
4.049549549549548999e+01 2.928414729016400742e+01
4.067567567567567721e+01 2.931686460382692516e+01
4.085585585585585022e+01 2.934285407877091956e+01
4.103603603603603744e+01 2.936241801538637120e+01
4.121621621621621046e+01 2.937585234062520456e+01
4.139639639639639768e+01 2.938344507844963971e+01
4.157657657657657069e+01 2.938547522348826391e+01
4.175675675675675791e+01 2.938221194828829752e+01
4.193693693693693092e+01 2.937391408414931249e+01
4.211711711711711814e+01 2.936082982421995879e+01
4.229729729729729115e+01 2.934319660530016805e+01
4.247747747747747837e+01 2.932124113163326484e+01
4.265765765765765138e+01 2.929517950993982467e+01
4.283783783783783861e+01 2.926521747010657393e+01
4.301801801801801162e+01 2.923155065037199307e+01
4.319819819819819884e+01 2.919436492962634588e+01
4.337837837837837185e+01 2.915383679264188288e+01
4.355855855855855907e+01 2.911013371674579631e+01
4.373873873873873208e+01 2.906341457070741896e+01
4.391891891891891930e+01 2.901383001849760745e+01
4.409909909909909231e+01 2.896152292214295798e+01
4.427927927927927954e+01 2.890662873919210085e+01
4.445945945945945255e+01 2.884927591137436664e+01
4.463963963963963977e+01 2.878958624190217463e+01
4.481981981981981278e+01 2.872767525957675261e+01
4.500000000000000000e+01 2.866365256842907172e+01
4.518018018018017301e+01 2.859762218208879858e+01
4.536036036036036023e+01 2.852968284244014896e+01
4.554054054054053324e+01 2.845992832241336501e+01
4.572072072072072046e+01 2.838844771298635195e+01
4.590090090090089348e+01 2.831532569464513571e+01
4.608108108108108070e+01 2.824064279368290542e+01
4.626126126126125371e+01 2.816447562381467407e+01
4.644144144144144093e+01 2.808689711365304831e+01
4.662162162162161394e+01 2.800797672063735178e+01
4.680180180180180116e+01 2.792778063203689953e+01
4.698198198198197417e+01 2.784637195366352458e+01
4.716216216216216139e+01 2.776381088693131716e+01
4.734234234234233440e+01 2.768015489489690495e+01
4.752252252252252163e+01 2.759545885790060282e+01
4.770270270270269464e+01 2.750977521941279846e+01
4.788288288288288186e+01 2.742315412266851737e+01
4.806306306306305487e+01 2.733564353865088847e+01
4.824324324324324209e+01 2.724728938595882966e+01
4.842342342342341510e+01 2.715813564306942141e+01
4.860360360360360232e+01 2.706822445347857808e+01
4.878378378378377533e+01 2.697759622417856917e+01
4.896396396396396256e+01 2.688628971790420508e+01
4.914414414414413557e+01 2.679434213955544664e+01
4.932432432432432279e+01 2.670178921717912246e+01
4.950450450450449580e+01 2.660866527786934199e+01
4.968468468468468302e+01 2.651500331892364315e+01
4.986486486486485603e+01 2.642083507457060776e+01
5.004504504504504325e+01 2.632619107856421437e+01
5.022522522522521626e+01 2.623110072292086059e+01
5.040540540540540349e+01 2.613559231305703889e+01
5.058558558558557650e+01 2.603969311956826971e+01
5.076576576576576372e+01 2.594342942687375242e+01
5.094594594594593673e+01 2.584682657893637980e+01
5.112612612612612395e+01 2.574990902225290768e+01
5.130630630630629696e+01 2.565270034629666895e+01
5.148648648648648418e+01 2.555522332158187027e+01
5.166666666666665719e+01 2.545749993550773027e+01
5.184684684684684441e+01 2.535955142612904467e+01
5.202702702702701743e+01 2.526139831399072122e+01
5.220720720720720465e+01 2.516306043215301003e+01
5.238738738738737766e+01 2.506455695452694599e+01
5.256756756756756488e+01 2.496590642262980708e+01
5.274774774774773789e+01 2.486712677086417855e+01
5.292792792792792511e+01 2.476823535041590318e+01
5.310810810810809812e+01 2.466924895186061661e+01
5.328828828828828534e+01 2.457018382656167432e+01
5.346846846846845835e+01 2.447105570693707577e+01
5.364864864864864558e+01 2.437187982566741695e+01
5.382882882882881859e+01 2.427267093391209229e+01
5.400900900900900581e+01 2.417344331859629492e+01
5.418918918918917882e+01 2.407421081882726810e+01
5.436936936936936604e+01 2.397498684149396553e+01
5.454954954954953905e+01 2.387578437610103776e+01
5.472972972972972627e+01 2.377661600888422200e+01
5.490990990990989928e+01 2.367749393625136278e+01
5.509009009009008651e+01 2.357842997758993064e+01
5.527027027027025952e+01 2.347943558747967074e+01
5.545045045045044674e+01 2.338052186734586968e+01
5.563063063063061975e+01 2.328169957658695566e+01
5.581081081081080697e+01 2.318297914320721276e+01
5.599099099099097998e+01 2.308437067398410747e+01
5.617117117117116720e+01 2.298588396419710733e+01
5.635135135135134021e+01 2.288752850694353214e+01
5.653153153153152743e+01 2.278931350206516626e+01
5.671171171171170045e+01 2.269124786470771582e+01
5.689189189189188767e+01 2.259334023353390819e+01
5.707207207207206068e+01 2.249559897860964242e+01
5.725225225225224790e+01 2.239803220898118852e+01
5.743243243243242091e+01 2.230064777996055980e+01
5.761261261261260813e+01 2.220345330013475049e+01
5.779279279279278114e+01 2.210645613811396260e+01
5.797297297297296836e+01 2.200966342903231521e+01
5.815315315315314137e+01 2.191308208081450815e+01
5.833333333333332860e+01 2.181671878022038058e+01
5.851351351351350161e+01 2.172057999867881151e+01
5.869369369369368883e+01 2.162467199792175876e+01
5.887387387387386184e+01 2.152900083542850851e+01
5.905405405405404906e+01 2.143357236968942914e+01
5.923423423423422207e+01 2.133839226529825339e+01
5.941441441441440929e+01 2.124346599788100320e+01
5.959459459459458230e+01 2.114879885886955435e+01
5.977477477477476953e+01 2.105439596012694636e+01
5.995495495495494254e+01 2.096026223843156444e+01
6.013513513513512976e+01 2.086640245982637509e+01
6.031531531531530277e+01 2.077282122383956775e+01
6.049549549549548999e+01 2.067952296758212682e+01
6.067567567567567721e+01 2.058651196972780895e+01
6.085585585585585022e+01 2.049379235438058444e+01
6.103603603603603744e+01 2.040136809483425040e+01
6.121621621621621046e+01 2.030924301722880188e+01
6.139639639639639768e+01 2.021742080410772857e+01
6.157657657657657069e+01 2.012590499788027287e+01
6.175675675675675791e+01 2.003469900419238670e+01
6.193693693693693092e+01 1.994380609520996828e+01
6.211711711711711814e+01 1.985322941281770426e+01
6.229729729729729115e+01 1.976297197173677844e+01
6.247747747747747837e+01 1.967303666256431427e+01
6.265765765765765138e+01 1.958342625473751752e+01
6.283783783783783861e+01 1.949414339942512697e+01
6.301801801801801162e+01 1.940519063234872732e+01
6.319819819819819884e+01 1.931657037653639364e+01
6.337837837837837185e+01 1.922828494501086993e+01
6.355855855855855907e+01 1.914033654341445612e+01
6.373873873873873208e+01 1.905272727257280607e+01
6.391891891891891930e+01 1.896545913099931369e+01
6.409909909909909231e+01 1.887853401734225756e+01
6.427927927927927954e+01 1.879195373277620362e+01
6.445945945945945255e+01 1.870571998333954511e+01
6.463963963963963977e+01 1.861983438221964349e+01
6.481981981981981278e+01 1.853429845198720471e+01
6.500000000000000000e+01 1.844911362678118394e+01
6.518018018018017301e+01 1.836428125444589199e+01
6.536036036036036023e+01 1.827980259862128420e+01
6.554054054054053324e+01 1.819567884078795572e+01
6.572072072072072046e+01 1.811191108226794455e+01
6.590090090090089348e+01 1.802850034618257524e+01
6.608108108108108070e+01 1.794544757936830948e+01
6.626126126126125371e+01 1.786275365425188255e+01
6.644144144144144093e+01 1.778041937068552869e+01
6.662162162162161394e+01 1.769844545774349598e+01
6.680180180180180116e+01 1.761683257548055082e+01
6.698198198198197417e+01 1.753558131665366560e+01
6.716216216216216139e+01 1.745469220840743318e+01
6.734234234234233440e+01 1.737416571392439479e+01
6.752252252252252163e+01 1.729400223404077508e+01
6.770270270270269464e+01 1.721420210882869029e+01
6.788288288288288186e+01 1.713476561914529839e+01
6.806306306306305487e+01 1.705569298814992862e+01
6.824324324324324209e+01 1.697698438278958832e+01
6.842342342342341510e+01 1.689863991525378850e+01
6.860360360360360232e+01 1.682065964439914652e+01
6.878378378378377533e+01 1.674304357714461489e+01
6.896396396396396256e+01 1.666579166983765603e+01
6.914414414414413557e+01 1.658890382959235055e+01
6.932432432432432279e+01 1.651237991559963447e+01
6.950450450450449580e+01 1.643621974041056433e+01
6.968468468468468302e+01 1.636042307119287287e+01
6.986486486486485603e+01 1.628498963096163976e+01
7.004504504504504325e+01 1.620991909978425483e+01
7.022522522522521626e+01 1.613521111596062241e+01
7.040540540540540349e+01 1.606086527717857493e+01
7.058558558558557650e+01 1.598688114164552410e+01
7.076576576576576372e+01 1.591325822919629829e+01
7.094594594594593673e+01 1.583999602237814486e+01
7.112612612612612395e+01 1.576709396751277836e+01
7.130630630630629696e+01 1.569455147573649079e+01
7.148648648648648418e+01 1.562236792401826513e+01
7.166666666666665719e+01 1.555054265615664200e+01
7.184684684684684441e+01 1.547907498375550084e+01
7.202702702702701743e+01 1.540796418717941307e+01
7.220720720720720465e+01 1.533720951648867548e+01
7.238738738738737766e+01 1.526681019235465797e+01
7.256756756756756488e+01 1.519676540695563993e+01
7.274774774774773789e+01 1.512707432485363768e+01
7.292792792792792511e+01 1.505773608385253759e+01
7.310810810810809812e+01 1.498874979583784572e+01
7.328828828828827113e+01 1.492011454759844646e+01
7.346846846846847257e+01 1.485182940163070953e+01
7.364864864864864558e+01 1.478389339692526505e+01
7.382882882882881859e+01 1.471630554973673100e+01
7.400900900900899160e+01 1.464906485433676409e+01
7.418918918918919303e+01 1.458217028375076296e+01
7.436936936936936604e+01 1.451562079047847753e+01
7.454954954954953905e+01 1.444941530719881051e+01
7.472972972972971206e+01 1.438355274745918422e+01
7.490990990990991349e+01 1.431803200634974615e+01
7.509009009009008651e+01 1.425285196116260344e+01
7.527027027027025952e+01 1.418801147203648050e+01
7.545045045045043253e+01 1.412350938258703437e+01
7.563063063063063396e+01 1.405934452052305694e+01
7.581081081081080697e+01 1.399551569824894592e+01
7.599099099099097998e+01 1.393202171345350493e+01
7.617117117117115299e+01 1.386886134968557194e+01
7.635135135135135442e+01 1.380603337691650978e+01
7.653153153153152743e+01 1.374353655209001346e+01
7.671171171171170045e+01 1.368136961965920584e+01
7.689189189189187346e+01 1.361953131211158841e+01
7.707207207207207489e+01 1.355802035048177601e+01
7.725225225225224790e+01 1.349683544485253073e+01
7.743243243243242091e+01 1.343597529484401676e+01
7.761261261261259392e+01 1.337543859009176472e+01
7.779279279279279535e+01 1.331522401071342543e+01
7.797297297297296836e+01 1.325533022776459902e+01
7.815315315315314137e+01 1.319575590368382123e+01
7.833333333333331439e+01 1.313649969272711182e+01
7.851351351351351582e+01 1.307756024139211171e+01
7.869369369369368883e+01 1.301893618883216597e+01
7.887387387387386184e+01 1.296062616726035266e+01
7.905405405405403485e+01 1.290262880234386245e+01
7.923423423423423628e+01 1.284494271358879836e+01
7.941441441441440929e+01 1.278756651471561412e+01
7.959459459459458230e+01 1.273049881402534922e+01
7.977477477477475531e+01 1.267373821475686846e+01
7.995495495495495675e+01 1.261728331543532988e+01
8.013513513513512976e+01 1.256113271021196276e+01
8.031531531531530277e+01 1.250528498919536524e+01
8.049549549549547578e+01 1.244973873877451709e+01
8.067567567567567721e+01 1.239449254193367089e+01
8.085585585585585022e+01 1.233954497855925325e+01
8.103603603603602323e+01 1.228489462573893931e+01
8.121621621621619624e+01 1.223054005805307121e+01
8.139639639639639768e+01 1.217647984785861759e+01
8.157657657657657069e+01 1.212271256556577548e+01
8.175675675675674370e+01 1.206923677990731036e+01
8.193693693693691671e+01 1.201605105820091346e+01
8.211711711711711814e+01 1.196315396660463826e+01
8.229729729729729115e+01 1.191054407036558516e+01
8.247747747747746416e+01 1.185821993406190877e+01
8.265765765765763717e+01 1.180618012183839127e+01
8.283783783783783861e+01 1.175442319763564392e+01
8.301801801801801162e+01 1.170294772541310913e+01
8.319819819819818463e+01 1.165175226936591102e+01
8.337837837837838606e+01 1.160083539413580134e+01
8.355855855855855907e+01 1.155019566501628603e+01
8.373873873873873208e+01 1.149983164815194492e+01
8.391891891891890509e+01 1.144974191073222869e+01
8.409909909909910652e+01 1.139992502117978646e+01
8.427927927927927954e+01 1.135037954933339499e+01
8.445945945945945255e+01 1.130110406662565126e+01
8.463963963963962556e+01 1.125209714625555080e+01
8.481981981981982699e+01 1.120335736335602128e+01
8.500000000000000000e+01 1.115488329515657107e+01
8.518018018018017301e+01 1.110667352114109185e+01
8.536036036036034602e+01 1.105872662320097177e+01
8.554054054054054745e+01 1.101104118578361657e+01
8.572072072072072046e+01 1.096361579603647840e+01
8.590090090090089348e+01 1.091644904394661886e+01
8.608108108108106649e+01 1.086953952247605315e+01
8.626126126126126792e+01 1.082288582769280261e+01
8.644144144144144093e+01 1.077648655889790064e+01
8.662162162162161394e+01 1.073034031874829353e+01
8.680180180180178695e+01 1.068444571337585813e+01
8.698198198198198838e+01 1.063880135250255421e+01
8.716216216216216139e+01 1.059340584955182507e+01
8.734234234234233440e+01 1.054825782175625193e+01
8.752252252252250742e+01 1.050335589026172300e+01
8.770270270270270885e+01 1.045869868022795934e+01
8.788288288288288186e+01 1.041428482092574725e+01
8.806306306306305487e+01 1.037011294583065002e+01
8.824324324324322788e+01 1.032618169271357544e+01
8.842342342342342931e+01 1.028248970372806070e+01
8.860360360360360232e+01 1.023903562549446811e+01
8.878378378378377533e+01 1.019581810918105624e+01
8.896396396396394834e+01 1.015283581058214502e+01
8.914414414414414978e+01 1.011008739019327685e+01
8.932432432432432279e+01 1.006757151328361743e+01
8.950450450450449580e+01 1.002528684996546282e+01
8.968468468468466881e+01 9.983232075261112115e+00
8.986486486486487024e+01 9.941405869167040166e+00
9.004504504504504325e+01 9.899806916715521155e+00
9.022522522522521626e+01 9.858433908033633841e+00
9.040540540540538927e+01 9.817285538399897149e+00
9.058558558558559071e+01 9.776360508298404639e+00
9.076576576576576372e+01 9.735657523470694130e+00
9.094594594594593673e+01 9.695175294965226342e+00
9.112612612612610974e+01 9.654912539184673292e+00
9.130630630630631117e+01 9.614867977931012888e+00
9.148648648648648418e+01 9.575040338448511434e+00
9.166666666666665719e+01 9.535428353464547868e+00
9.184684684684683020e+01 9.496030761228487549e+00
9.202702702702703164e+01 9.456846305548529230e+00
9.220720720720720465e+01 9.417873735826658432e+00
9.238738738738737766e+01 9.379111807091659259e+00
9.256756756756755067e+01 9.340559280030337419e+00
9.274774774774775210e+01 9.302214921016942029e+00
9.292792792792792511e+01 9.264077502140832365e+00
9.310810810810809812e+01 9.226145801232441102e+00
9.328828828828827113e+01 9.188418601887589077e+00
9.346846846846847257e+01 9.150894693490183585e+00
9.364864864864864558e+01 9.113572871233346362e+00
9.382882882882881859e+01 9.076451936138980159e+00
9.400900900900899160e+01 9.039530695075878697e+00
9.418918918918919303e+01 9.002807960776356921e+00
9.436936936936936604e+01 8.966282551851483262e+00
9.454954954954953905e+01 8.929953292804906795e+00
9.472972972972971206e+01 8.893819014045361016e+00
9.490990990990991349e+01 8.857878551897849562e+00
9.509009009009008651e+01 8.822130748613581375e+00
9.527027027027025952e+01 8.786574452378632216e+00
9.545045045045043253e+01 8.751208517321414249e+00
9.563063063063063396e+01 8.716031803518999865e+00
9.581081081081080697e+01 8.681043177002266020e+00
9.599099099099097998e+01 8.646241509759960309e+00
9.617117117117115299e+01 8.611625679741651496e+00
9.635135135135135442e+01 8.577194570859679956e+00
9.653153153153152743e+01 8.542947072990068946e+00
9.671171171171170045e+01 8.508882081972398481e+00
9.689189189189187346e+01 8.474998499608821234e+00
9.707207207207207489e+01 8.441295233662014397e+00
9.725225225225224790e+01 8.407771197852362377e+00
9.743243243243242091e+01 8.374425311854121645e+00
9.761261261261259392e+01 8.341256501290837733e+00
9.779279279279279535e+01 8.308263697729847408e+00
9.797297297297296836e+01 8.275445838676063204e+00
9.815315315315314137e+01 8.242801867564880425e+00
9.833333333333331439e+01 8.210330733754391375e+00
9.851351351351351582e+01 8.178031392516830422e+00
9.869369369369368883e+01 8.145902805029336946e+00
9.887387387387386184e+01 8.113943938363979314e+00
9.905405405405403485e+01 8.082153765477144702e+00
9.923423423423423628e+01 8.050531265198264563e+00
9.941441441441440929e+01 8.019075422217930793e+00
9.959459459459458230e+01 7.987785227075356431e+00
9.977477477477475531e+01 7.956659676145294569e+00
9.995495495495495675e+01 7.925697771624352406e+00
1.001351351351351298e+02 7.894898521516792833e+00
1.003153153153153028e+02 7.864260939619741819e+00
1.004954954954954758e+02 7.833784045507929505e+00
1.006756756756756772e+02 7.803466864517914381e+00
1.008558558558558502e+02 7.773308427731826953e+00
1.010360360360360232e+02 7.743307771960643571e+00
1.012162162162161962e+02 7.713463939727010832e+00
1.013963963963963977e+02 7.683775979247627674e+00
1.015765765765765707e+02 7.654242944415255323e+00
1.017567567567567437e+02 7.624863894780243179e+00
1.019369369369369167e+02 7.595637895531738515e+00
1.021171171171171181e+02 7.566564017478473403e+00
1.022972972972972912e+02 7.537641337029237221e+00
1.024774774774774642e+02 7.508868936172949482e+00
1.026576576576576372e+02 7.480245902458428020e+00
1.028378378378378386e+02 7.451771328973841868e+00
1.030180180180180116e+02 7.423444314325854165e+00
1.031981981981981846e+02 7.395263962618442655e+00
1.033783783783783576e+02 7.367229383431459944e+00
1.035585585585585591e+02 7.339339691798928200e+00
1.037387387387387321e+02 7.311594008187062066e+00
1.039189189189189051e+02 7.283991458472034886e+00
1.040990990990990781e+02 7.256531173917513122e+00
1.042792792792792795e+02 7.229212291151974057e+00
1.044594594594594525e+02 7.202033952145803219e+00
1.046396396396396256e+02 7.174995304188152900e+00
1.048198198198197986e+02 7.148095499863650559e+00
1.050000000000000000e+02 7.121333697028886078e+00
1.051801801801801730e+02 7.094709058788755129e+00
1.053603603603603460e+02 7.068220753472570728e+00
1.055405405405405190e+02 7.041867954610088631e+00
1.057207207207207205e+02 7.015649840907328461e+00
1.059009009009008935e+02 6.989565596222281130e+00
1.060810810810810665e+02 6.963614409540459960e+00
1.062612612612612395e+02 6.937795474950341656e+00
1.064414414414414409e+02 6.912107991618671399e+00
1.066216216216216139e+02 6.886551163765689765e+00
1.068018018018017870e+02 6.861124200640202453e+00
1.069819819819819884e+02 6.835826316494602928e+00
1.071621621621621614e+02 6.810656730559784044e+00
1.073423423423423344e+02 6.785614667019959079e+00
1.075225225225225074e+02 6.760699354987419696e+00
1.077027027027027088e+02 6.735910028477213984e+00
1.078828828828828819e+02 6.711245926381792515e+00
1.080630630630630549e+02 6.686706292445531830e+00
1.082432432432432279e+02 6.662290375239267703e+00
1.084234234234234293e+02 6.637997428134762679e+00
1.086036036036036023e+02 6.613826709279132743e+00
1.087837837837837753e+02 6.589777481569226047e+00
1.089639639639639483e+02 6.565849012625986525e+00
1.091441441441441498e+02 6.542040574768801520e+00
1.093243243243243228e+02 6.518351444989830767e+00
1.095045045045044958e+02 6.494780904928273202e+00
1.096846846846846688e+02 6.471328240844697710e+00
1.098648648648648702e+02 6.447992743595326814e+00
1.100450450450450433e+02 6.424773708606315914e+00
1.102252252252252163e+02 6.401670435848065388e+00
1.104054054054053893e+02 6.378682229809500726e+00
1.105855855855855907e+02 6.355808399472411274e+00
1.107657657657657637e+02 6.333048258285776555e+00
1.109459459459459367e+02 6.310401124140113005e+00
1.111261261261261097e+02 6.287866319341850918e+00
1.113063063063063112e+02 6.265443170587747801e+00
1.114864864864864842e+02 6.243131008939316828e+00
1.116666666666666572e+02 6.220929169797304148e+00
1.118468468468468302e+02 6.198836992876191943e+00
1.120270270270270316e+02 6.176853822178744124e+00
1.122072072072072046e+02 6.154979005970621309e+00
1.123873873873873777e+02 6.133211896755002002e+00
1.125675675675675507e+02 6.111551851247274847e+00
1.127477477477477521e+02 6.089998230349806363e+00
1.129279279279279251e+02 6.068550399126723782e+00
1.131081081081080981e+02 6.047207726778771608e+00
1.132882882882882711e+02 6.025969586618244556e+00
1.134684684684684726e+02 6.004835356043962236e+00
1.136486486486486456e+02 5.983804416516342428e+00
1.138288288288288186e+02 5.962876153532483237e+00
1.140090090090089916e+02 5.942049956601384686e+00
1.141891891891891930e+02 5.921325219219188973e+00
1.143693693693693660e+02 5.900701338844538846e+00
1.145495495495495391e+02 5.880177716873969729e+00
1.147297297297297121e+02 5.859753758617414654e+00
1.149099099099099135e+02 5.839428873273768694e+00
1.150900900900900865e+02 5.819202473906561757e+00
1.152702702702702595e+02 5.799073977419676673e+00
1.154504504504504325e+02 5.779042804533187194e+00
1.156306306306306340e+02 5.759108379759256380e+00
1.158108108108108070e+02 5.739270131378169104e+00
1.159909909909909800e+02 5.719527491414383213e+00
1.161711711711711530e+02 5.699879895612741443e+00
1.163513513513513544e+02 5.680326783414731295e+00
1.165315315315315274e+02 5.660867597934873707e+00
1.167117117117117004e+02 5.641501785937178326e+00
1.168918918918918735e+02 5.622228797811702705e+00
1.170720720720720749e+02 5.603048087551218082e+00
1.172522522522522479e+02 5.583959112727986174e+00
1.174324324324324209e+02 5.564961334470590160e+00
1.176126126126125939e+02 5.546054217440921974e+00
1.177927927927927954e+02 5.527237229811231778e+00
1.179729729729729684e+02 5.508509843241306214e+00
1.181531531531531414e+02 5.489871532855731928e+00
1.183333333333333144e+02 5.471321777221270999e+00
1.185135135135135158e+02 5.452860058324347392e+00
1.186936936936936888e+02 5.434485861548638219e+00
1.188738738738738618e+02 5.416198675652752925e+00
1.190540540540540349e+02 5.397997992748047480e+00
1.192342342342342363e+02 5.379883308276541598e+00
1.194144144144144093e+02 5.361854120988917671e+00
1.195945945945945823e+02 5.343909932922668027e+00
1.197747747747747553e+02 5.326050249380319457e+00
1.199549549549549567e+02 5.308274578907791863e+00
1.201351351351351298e+02 5.290582433272857266e+00
1.203153153153153028e+02 5.272973327443700065e+00
1.204954954954954758e+02 5.255446779567607862e+00
1.206756756756756772e+02 5.238002310949766205e+00
1.208558558558558502e+02 5.220639446032162567e+00
1.210360360360360232e+02 5.203357712372601362e+00
1.212162162162161962e+02 5.186156640623840630e+00
1.213963963963963977e+02 5.169035764512831754e+00
1.215765765765765707e+02 5.151994620820085302e+00
1.217567567567567437e+02 5.135032749359131010e+00
1.219369369369369167e+02 5.118149692956110997e+00
1.221171171171171181e+02 5.101344997429468897e+00
1.222972972972972912e+02 5.084618211569778445e+00
1.224774774774774642e+02 5.067968887119648436e+00
1.226576576576576372e+02 5.051396578753777789e+00
1.228378378378378386e+02 5.034900844059095881e+00
1.230180180180180116e+02 5.018481243515052093e+00
1.231981981981981846e+02 5.002137340473968408e+00
1.233783783783783576e+02 4.985868701141561665e+00
1.235585585585585591e+02 4.969674894557530642e+00
1.237387387387387321e+02 4.953555492576303010e+00
1.239189189189189051e+02 4.937510069847848904e+00
1.240990990990990781e+02 4.921538203798642819e+00
1.242792792792792795e+02 4.905639474612729423e+00
1.244594594594594525e+02 4.889813465212903054e+00
1.246396396396396256e+02 4.874059761241992028e+00
1.248198198198197986e+02 4.858377951044264620e+00
1.250000000000000000e+02 4.842767625646944296e+00
