5.684341886080801487e-14 9.000000000000000000e+00
1.000000000033196557e-03 8.000000000000000000e+00
2.000000000009549694e-03 3.000000000000000000e+00
3.000000000042746251e-03 4.000000000000000000e+00
4.000000000019099389e-03 6.000000000000000000e+00
5.000000000052295945e-03 8.000000000000000000e+00
6.000000000028649083e-03 7.000000000000000000e+00
7.000000000005002221e-03 9.000000000000000000e+00
8.000000000038198777e-03 1.100000000000000000e+01
9.000000000014551915e-03 9.000000000000000000e+00
1.000000000004774847e-02 6.000000000000000000e+00
1.100000000002410161e-02 5.000000000000000000e+00
1.200000000005729817e-02 1.200000000000000000e+01
1.300000000003365130e-02 9.000000000000000000e+00
1.400000000001000444e-02 5.000000000000000000e+00
1.500000000004320100e-02 5.000000000000000000e+00
1.600000000001955414e-02 5.000000000000000000e+00
1.700000000005275069e-02 7.000000000000000000e+00
1.800000000002910383e-02 7.000000000000000000e+00
1.900000000000545697e-02 8.000000000000000000e+00
2.000000000003865352e-02 1.100000000000000000e+01
2.100000000001500666e-02 9.000000000000000000e+00
2.200000000004820322e-02 1.100000000000000000e+01
2.300000000002455636e-02 6.000000000000000000e+00
2.400000000005775291e-02 2.000000000000000000e+00
2.500000000003410605e-02 9.000000000000000000e+00
2.600000000001045919e-02 1.400000000000000000e+01
2.700000000004365575e-02 7.000000000000000000e+00
2.800000000002000888e-02 5.000000000000000000e+00
2.900000000005320544e-02 1.000000000000000000e+01
3.000000000002955858e-02 5.000000000000000000e+00
3.100000000000591172e-02 6.000000000000000000e+00
3.200000000003910827e-02 6.000000000000000000e+00
3.300000000001546141e-02 5.000000000000000000e+00
3.400000000004865797e-02 9.000000000000000000e+00
3.500000000002501110e-02 1.000000000000000000e+01
3.600000000000136424e-02 9.000000000000000000e+00
3.700000000003456080e-02 6.000000000000000000e+00
3.800000000001091394e-02 7.000000000000000000e+00
3.900000000004411049e-02 9.000000000000000000e+00
4.000000000002046363e-02 6.000000000000000000e+00
4.100000000005366019e-02 3.000000000000000000e+00
4.200000000003001333e-02 8.000000000000000000e+00
4.300000000000636646e-02 1.200000000000000000e+01
4.400000000003956302e-02 7.000000000000000000e+00
4.500000000001591616e-02 4.000000000000000000e+00
4.600000000004911271e-02 8.000000000000000000e+00
4.700000000002546585e-02 3.000000000000000000e+00
4.800000000000181899e-02 7.000000000000000000e+00
4.900000000003501555e-02 6.000000000000000000e+00
5.000000000001136868e-02 1.000000000000000000e+01
5.100000000004456524e-02 6.000000000000000000e+00
5.200000000002091838e-02 8.000000000000000000e+00
5.300000000005411493e-02 6.000000000000000000e+00
5.400000000003046807e-02 9.000000000000000000e+00
5.500000000000682121e-02 9.000000000000000000e+00
5.600000000004001777e-02 6.000000000000000000e+00
5.700000000001637090e-02 8.000000000000000000e+00
5.800000000004956746e-02 3.000000000000000000e+00
5.900000000002592060e-02 5.000000000000000000e+00
6.000000000000227374e-02 3.000000000000000000e+00
6.100000000003547029e-02 8.000000000000000000e+00
6.200000000001182343e-02 5.000000000000000000e+00
6.300000000004501999e-02 5.000000000000000000e+00
6.400000000002137313e-02 6.000000000000000000e+00
6.500000000005456968e-02 7.000000000000000000e+00
6.600000000003092282e-02 6.000000000000000000e+00
6.700000000000727596e-02 4.000000000000000000e+00
6.800000000004047251e-02 5.000000000000000000e+00
6.900000000001682565e-02 7.000000000000000000e+00
7.000000000005002221e-02 6.000000000000000000e+00
7.100000000002637535e-02 7.000000000000000000e+00
7.200000000000272848e-02 2.000000000000000000e+00
7.300000000003592504e-02 7.000000000000000000e+00
7.400000000001227818e-02 6.000000000000000000e+00
7.500000000004547474e-02 4.000000000000000000e+00
7.600000000002182787e-02 8.000000000000000000e+00
7.700000000005502443e-02 1.000000000000000000e+01
7.800000000003137757e-02 6.000000000000000000e+00
7.900000000000773070e-02 1.000000000000000000e+00
8.000000000004092726e-02 1.300000000000000000e+01
8.100000000001728040e-02 1.400000000000000000e+01
8.200000000005047696e-02 4.000000000000000000e+00
8.300000000002683009e-02 1.100000000000000000e+01
8.400000000000318323e-02 7.000000000000000000e+00
8.500000000003637979e-02 7.000000000000000000e+00
8.600000000001273293e-02 8.000000000000000000e+00
8.700000000004592948e-02 9.000000000000000000e+00
8.800000000002228262e-02 9.000000000000000000e+00
8.900000000005547918e-02 8.000000000000000000e+00
9.000000000003183231e-02 3.000000000000000000e+00
9.100000000000818545e-02 8.000000000000000000e+00
9.200000000004138201e-02 5.000000000000000000e+00
9.300000000001773515e-02 6.000000000000000000e+00
9.400000000005093170e-02 7.000000000000000000e+00
9.500000000002728484e-02 4.000000000000000000e+00
9.600000000000363798e-02 9.000000000000000000e+00
9.700000000003683454e-02 6.000000000000000000e+00
9.800000000001318767e-02 1.000000000000000000e+01
9.900000000004638423e-02 9.000000000000000000e+00
1.000000000000227374e-01 5.000000000000000000e+00
1.010000000000559339e-01 3.000000000000000000e+00
1.020000000000322871e-01 4.000000000000000000e+00
1.030000000000086402e-01 1.000000000000000000e+01
1.040000000000418368e-01 6.000000000000000000e+00
1.050000000000181899e-01 1.100000000000000000e+01
1.060000000000513865e-01 6.000000000000000000e+00
1.070000000000277396e-01 9.000000000000000000e+00
1.080000000000040927e-01 8.000000000000000000e+00
1.090000000000372893e-01 8.000000000000000000e+00
1.100000000000136424e-01 9.000000000000000000e+00
1.110000000000468390e-01 7.000000000000000000e+00
1.120000000000231921e-01 2.000000000000000000e+00
1.130000000000563887e-01 6.000000000000000000e+00
1.140000000000327418e-01 8.000000000000000000e+00
1.150000000000090949e-01 1.200000000000000000e+01
1.160000000000422915e-01 9.000000000000000000e+00
1.170000000000186446e-01 6.000000000000000000e+00
1.180000000000518412e-01 1.200000000000000000e+01
1.190000000000281943e-01 6.000000000000000000e+00
1.200000000000045475e-01 7.000000000000000000e+00
1.210000000000377440e-01 1.000000000000000000e+01
1.220000000000140972e-01 7.000000000000000000e+00
1.230000000000472937e-01 2.000000000000000000e+00
1.240000000000236469e-01 8.000000000000000000e+00
1.250000000000568434e-01 1.000000000000000000e+01
1.260000000000331966e-01 4.000000000000000000e+00
1.270000000000095497e-01 2.000000000000000000e+00
1.280000000000427463e-01 9.000000000000000000e+00
1.290000000000190994e-01 6.000000000000000000e+00
1.300000000000522959e-01 7.000000000000000000e+00
1.310000000000286491e-01 2.000000000000000000e+00
1.320000000000050022e-01 9.000000000000000000e+00
1.330000000000381988e-01 3.000000000000000000e+00
1.340000000000145519e-01 7.000000000000000000e+00
1.350000000000477485e-01 4.000000000000000000e+00
1.360000000000241016e-01 7.000000000000000000e+00
1.370000000000572982e-01 1.000000000000000000e+01
1.380000000000336513e-01 9.000000000000000000e+00
1.390000000000100044e-01 8.000000000000000000e+00
1.400000000000432010e-01 9.000000000000000000e+00
1.410000000000195541e-01 7.000000000000000000e+00
1.420000000000527507e-01 5.000000000000000000e+00
1.430000000000291038e-01 8.000000000000000000e+00
1.440000000000054570e-01 7.000000000000000000e+00
1.450000000000386535e-01 5.000000000000000000e+00
1.460000000000150067e-01 4.000000000000000000e+00
1.470000000000482032e-01 1.000000000000000000e+01
1.480000000000245564e-01 9.000000000000000000e+00
1.490000000000577529e-01 7.000000000000000000e+00
1.500000000000341061e-01 5.000000000000000000e+00
1.510000000000104592e-01 1.200000000000000000e+01
1.520000000000436557e-01 4.000000000000000000e+00
1.530000000000200089e-01 9.000000000000000000e+00
1.540000000000532054e-01 1.400000000000000000e+01
1.550000000000295586e-01 3.000000000000000000e+00
1.560000000000059117e-01 1.400000000000000000e+01
1.570000000000391083e-01 6.000000000000000000e+00
1.580000000000154614e-01 1.100000000000000000e+01
1.590000000000486580e-01 6.000000000000000000e+00
1.600000000000250111e-01 8.000000000000000000e+00
1.610000000000013642e-01 5.000000000000000000e+00
1.620000000000345608e-01 7.000000000000000000e+00
1.630000000000109139e-01 1.000000000000000000e+01
1.640000000000441105e-01 5.000000000000000000e+00
1.650000000000204636e-01 7.000000000000000000e+00
1.660000000000536602e-01 9.000000000000000000e+00
1.670000000000300133e-01 5.000000000000000000e+00
1.680000000000063665e-01 4.000000000000000000e+00
1.690000000000395630e-01 1.000000000000000000e+01
1.700000000000159162e-01 8.000000000000000000e+00
1.710000000000491127e-01 4.000000000000000000e+00
1.720000000000254659e-01 4.000000000000000000e+00
1.730000000000018190e-01 2.000000000000000000e+00
1.740000000000350155e-01 5.000000000000000000e+00
1.750000000000113687e-01 3.000000000000000000e+00
1.760000000000445652e-01 9.000000000000000000e+00
1.770000000000209184e-01 8.000000000000000000e+00
1.780000000000541149e-01 1.000000000000000000e+01
1.790000000000304681e-01 5.000000000000000000e+00
1.800000000000068212e-01 7.000000000000000000e+00
1.810000000000400178e-01 7.000000000000000000e+00
1.820000000000163709e-01 6.000000000000000000e+00
1.830000000000495675e-01 6.000000000000000000e+00
1.840000000000259206e-01 5.000000000000000000e+00
1.850000000000022737e-01 1.200000000000000000e+01
1.860000000000354703e-01 5.000000000000000000e+00
1.870000000000118234e-01 8.000000000000000000e+00
1.880000000000450200e-01 5.000000000000000000e+00
1.890000000000213731e-01 1.300000000000000000e+01
1.900000000000545697e-01 7.000000000000000000e+00
1.910000000000309228e-01 8.000000000000000000e+00
1.920000000000072760e-01 4.000000000000000000e+00
1.930000000000404725e-01 1.300000000000000000e+01
1.940000000000168257e-01 9.000000000000000000e+00
1.950000000000500222e-01 1.100000000000000000e+01
1.960000000000263753e-01 2.000000000000000000e+00
1.970000000000027285e-01 3.000000000000000000e+00
1.980000000000359250e-01 7.000000000000000000e+00
1.990000000000122782e-01 5.000000000000000000e+00
2.000000000000454747e-01 6.000000000000000000e+00
2.010000000000218279e-01 1.100000000000000000e+01
2.020000000000550244e-01 2.000000000000000000e+00
2.030000000000313776e-01 7.000000000000000000e+00
2.040000000000077307e-01 8.000000000000000000e+00
2.050000000000409273e-01 6.000000000000000000e+00
2.060000000000172804e-01 5.000000000000000000e+00
2.070000000000504770e-01 1.100000000000000000e+01
2.080000000000268301e-01 8.000000000000000000e+00
2.090000000000031832e-01 8.000000000000000000e+00
2.100000000000363798e-01 1.100000000000000000e+01
2.110000000000127329e-01 9.000000000000000000e+00
2.120000000000459295e-01 2.000000000000000000e+00
2.130000000000222826e-01 5.000000000000000000e+00
2.140000000000554792e-01 6.000000000000000000e+00
2.150000000000318323e-01 9.000000000000000000e+00
2.160000000000081855e-01 4.000000000000000000e+00
2.170000000000413820e-01 2.000000000000000000e+00
2.180000000000177351e-01 7.000000000000000000e+00
2.190000000000509317e-01 1.000000000000000000e+01
2.200000000000272848e-01 5.000000000000000000e+00
2.210000000000036380e-01 3.000000000000000000e+00
2.220000000000368345e-01 7.000000000000000000e+00
2.230000000000131877e-01 4.000000000000000000e+00
2.240000000000463842e-01 1.600000000000000000e+01
2.250000000000227374e-01 1.500000000000000000e+01
2.260000000000559339e-01 7.000000000000000000e+00
2.270000000000322871e-01 6.000000000000000000e+00
2.280000000000086402e-01 8.000000000000000000e+00
2.290000000000418368e-01 1.300000000000000000e+01
2.300000000000181899e-01 6.000000000000000000e+00
2.310000000000513865e-01 5.000000000000000000e+00
2.320000000000277396e-01 4.000000000000000000e+00
2.330000000000040927e-01 7.000000000000000000e+00
2.340000000000372893e-01 9.000000000000000000e+00
2.350000000000136424e-01 5.000000000000000000e+00
2.360000000000468390e-01 9.000000000000000000e+00
2.370000000000231921e-01 6.000000000000000000e+00
2.380000000000563887e-01 1.000000000000000000e+00
2.390000000000327418e-01 9.000000000000000000e+00
2.400000000000090949e-01 1.300000000000000000e+01
2.410000000000422915e-01 1.500000000000000000e+01
2.420000000000186446e-01 2.000000000000000000e+00
2.430000000000518412e-01 9.000000000000000000e+00
2.440000000000281943e-01 8.000000000000000000e+00
2.450000000000045475e-01 7.000000000000000000e+00
2.460000000000377440e-01 5.000000000000000000e+00
2.470000000000140972e-01 6.000000000000000000e+00
2.480000000000472937e-01 1.000000000000000000e+01
2.490000000000236469e-01 7.000000000000000000e+00
2.500000000000568434e-01 9.000000000000000000e+00
2.510000000000331966e-01 6.000000000000000000e+00
2.520000000000095497e-01 2.000000000000000000e+00
2.530000000000427463e-01 5.000000000000000000e+00
2.540000000000190994e-01 1.200000000000000000e+01
2.550000000000522959e-01 7.000000000000000000e+00
2.560000000000286491e-01 7.000000000000000000e+00
2.570000000000050022e-01 3.000000000000000000e+00
2.580000000000381988e-01 7.000000000000000000e+00
2.590000000000145519e-01 1.400000000000000000e+01
2.600000000000477485e-01 7.000000000000000000e+00
2.610000000000241016e-01 4.000000000000000000e+00
2.620000000000572982e-01 5.000000000000000000e+00
2.630000000000336513e-01 1.000000000000000000e+01
2.640000000000100044e-01 7.000000000000000000e+00
2.650000000000432010e-01 3.000000000000000000e+00
2.660000000000195541e-01 9.000000000000000000e+00
2.670000000000527507e-01 7.000000000000000000e+00
2.680000000000291038e-01 5.000000000000000000e+00
2.690000000000054570e-01 6.000000000000000000e+00
2.700000000000386535e-01 2.000000000000000000e+00
2.710000000000150067e-01 1.700000000000000000e+01
2.720000000000482032e-01 2.000000000000000000e+00
2.730000000000245564e-01 9.000000000000000000e+00
2.740000000000577529e-01 8.000000000000000000e+00
2.750000000000341061e-01 8.000000000000000000e+00
2.760000000000104592e-01 8.000000000000000000e+00
2.770000000000436557e-01 4.000000000000000000e+00
2.780000000000200089e-01 7.000000000000000000e+00
2.790000000000532054e-01 1.000000000000000000e+01
2.800000000000295586e-01 9.000000000000000000e+00
2.810000000000059117e-01 1.100000000000000000e+01
2.820000000000391083e-01 4.000000000000000000e+00
2.830000000000154614e-01 5.000000000000000000e+00
2.840000000000486580e-01 1.300000000000000000e+01
2.850000000000250111e-01 1.300000000000000000e+01
2.860000000000013642e-01 9.000000000000000000e+00
2.870000000000345608e-01 3.000000000000000000e+00
2.880000000000109139e-01 1.000000000000000000e+01
2.890000000000441105e-01 8.000000000000000000e+00
2.900000000000204636e-01 3.000000000000000000e+00
2.910000000000536602e-01 7.000000000000000000e+00
2.920000000000300133e-01 4.000000000000000000e+00
2.930000000000063665e-01 7.000000000000000000e+00
2.940000000000395630e-01 3.000000000000000000e+00
2.950000000000159162e-01 6.000000000000000000e+00
2.960000000000491127e-01 1.000000000000000000e+01
2.970000000000254659e-01 7.000000000000000000e+00
2.980000000000018190e-01 6.000000000000000000e+00
2.990000000000350155e-01 7.000000000000000000e+00
3.000000000000113687e-01 9.000000000000000000e+00
3.010000000000445652e-01 7.000000000000000000e+00
3.020000000000209184e-01 2.000000000000000000e+00
3.030000000000541149e-01 1.200000000000000000e+01
3.040000000000304681e-01 1.100000000000000000e+01
3.050000000000068212e-01 1.000000000000000000e+01
3.060000000000400178e-01 8.000000000000000000e+00
3.070000000000163709e-01 1.100000000000000000e+01
3.080000000000495675e-01 7.000000000000000000e+00
3.090000000000259206e-01 7.000000000000000000e+00
3.100000000000022737e-01 7.000000000000000000e+00
3.110000000000354703e-01 1.500000000000000000e+01
3.120000000000118234e-01 5.000000000000000000e+00
3.130000000000450200e-01 4.000000000000000000e+00
3.140000000000213731e-01 2.000000000000000000e+00
3.150000000000545697e-01 1.100000000000000000e+01
3.160000000000309228e-01 8.000000000000000000e+00
3.170000000000072760e-01 4.000000000000000000e+00
3.180000000000404725e-01 5.000000000000000000e+00
3.190000000000168257e-01 6.000000000000000000e+00
3.200000000000500222e-01 4.000000000000000000e+00
3.210000000000263753e-01 8.000000000000000000e+00
3.220000000000027285e-01 6.000000000000000000e+00
3.230000000000359250e-01 7.000000000000000000e+00
3.240000000000122782e-01 3.000000000000000000e+00
3.250000000000454747e-01 1.400000000000000000e+01
3.260000000000218279e-01 9.000000000000000000e+00
3.270000000000550244e-01 9.000000000000000000e+00
3.280000000000313776e-01 7.000000000000000000e+00
3.290000000000077307e-01 5.000000000000000000e+00
3.300000000000409273e-01 5.000000000000000000e+00
3.310000000000172804e-01 6.000000000000000000e+00
3.320000000000504770e-01 7.000000000000000000e+00
3.330000000000268301e-01 5.000000000000000000e+00
3.340000000000031832e-01 6.000000000000000000e+00
3.350000000000363798e-01 4.000000000000000000e+00
3.360000000000127329e-01 4.000000000000000000e+00
3.370000000000459295e-01 7.000000000000000000e+00
3.380000000000222826e-01 8.000000000000000000e+00
3.390000000000554792e-01 7.000000000000000000e+00
3.400000000000318323e-01 5.000000000000000000e+00
3.410000000000081855e-01 1.000000000000000000e+01
3.420000000000413820e-01 9.000000000000000000e+00
3.430000000000177351e-01 1.100000000000000000e+01
3.440000000000509317e-01 5.000000000000000000e+00
3.450000000000272848e-01 8.000000000000000000e+00
3.460000000000036380e-01 4.000000000000000000e+00
3.470000000000368345e-01 9.000000000000000000e+00
3.480000000000131877e-01 9.000000000000000000e+00
3.490000000000463842e-01 1.000000000000000000e+01
3.500000000000227374e-01 1.000000000000000000e+00
3.510000000000559339e-01 9.000000000000000000e+00
3.520000000000322871e-01 8.000000000000000000e+00
3.530000000000086402e-01 1.000000000000000000e+01
3.540000000000418368e-01 8.000000000000000000e+00
3.550000000000181899e-01 9.000000000000000000e+00
3.560000000000513865e-01 8.000000000000000000e+00
3.570000000000277396e-01 1.700000000000000000e+01
3.580000000000040927e-01 5.000000000000000000e+00
3.590000000000372893e-01 1.400000000000000000e+01
3.600000000000136424e-01 1.000000000000000000e+01
3.610000000000468390e-01 8.000000000000000000e+00
3.620000000000231921e-01 1.000000000000000000e+01
3.630000000000563887e-01 9.000000000000000000e+00
3.640000000000327418e-01 1.400000000000000000e+01
3.650000000000090949e-01 2.000000000000000000e+00
3.660000000000422915e-01 1.100000000000000000e+01
3.670000000000186446e-01 1.000000000000000000e+01
3.680000000000518412e-01 1.100000000000000000e+01
3.690000000000281943e-01 1.200000000000000000e+01
3.700000000000045475e-01 4.000000000000000000e+00
3.710000000000377440e-01 8.000000000000000000e+00
3.720000000000140972e-01 5.000000000000000000e+00
3.730000000000472937e-01 6.000000000000000000e+00
3.740000000000236469e-01 3.000000000000000000e+00
3.750000000000568434e-01 1.400000000000000000e+01
3.760000000000331966e-01 3.000000000000000000e+00
3.770000000000095497e-01 1.100000000000000000e+01
3.780000000000427463e-01 1.600000000000000000e+01
3.790000000000190994e-01 8.000000000000000000e+00
3.800000000000522959e-01 7.000000000000000000e+00
3.810000000000286491e-01 1.100000000000000000e+01
3.820000000000050022e-01 7.000000000000000000e+00
3.830000000000381988e-01 5.000000000000000000e+00
3.840000000000145519e-01 5.000000000000000000e+00
3.850000000000477485e-01 6.000000000000000000e+00
3.860000000000241016e-01 7.000000000000000000e+00
3.870000000000572982e-01 3.000000000000000000e+00
3.880000000000336513e-01 6.000000000000000000e+00
3.890000000000100044e-01 1.500000000000000000e+01
3.900000000000432010e-01 3.000000000000000000e+00
3.910000000000195541e-01 8.000000000000000000e+00
3.920000000000527507e-01 4.000000000000000000e+00
3.930000000000291038e-01 1.400000000000000000e+01
3.940000000000054570e-01 8.000000000000000000e+00
3.950000000000386535e-01 5.000000000000000000e+00
3.960000000000150067e-01 5.000000000000000000e+00
3.970000000000482032e-01 1.300000000000000000e+01
3.980000000000245564e-01 2.000000000000000000e+00
3.990000000000577529e-01 1.200000000000000000e+01
4.000000000000341061e-01 8.000000000000000000e+00
4.010000000000104592e-01 1.100000000000000000e+01
4.020000000000436557e-01 4.000000000000000000e+00
4.030000000000200089e-01 6.000000000000000000e+00
4.040000000000532054e-01 4.000000000000000000e+00
4.050000000000295586e-01 9.000000000000000000e+00
4.060000000000059117e-01 7.000000000000000000e+00
4.070000000000391083e-01 5.000000000000000000e+00
4.080000000000154614e-01 7.000000000000000000e+00
4.090000000000486580e-01 5.000000000000000000e+00
4.100000000000250111e-01 4.000000000000000000e+00
4.110000000000013642e-01 8.000000000000000000e+00
4.120000000000345608e-01 5.000000000000000000e+00
4.130000000000109139e-01 5.000000000000000000e+00
4.140000000000441105e-01 6.000000000000000000e+00
4.150000000000204636e-01 1.200000000000000000e+01
4.160000000000536602e-01 9.000000000000000000e+00
4.170000000000300133e-01 6.000000000000000000e+00
4.180000000000063665e-01 1.200000000000000000e+01
4.190000000000395630e-01 9.000000000000000000e+00
4.200000000000159162e-01 9.000000000000000000e+00
4.210000000000491127e-01 5.000000000000000000e+00
4.220000000000254659e-01 7.000000000000000000e+00
4.230000000000018190e-01 1.300000000000000000e+01
4.240000000000350155e-01 7.000000000000000000e+00
4.250000000000113687e-01 4.000000000000000000e+00
4.260000000000445652e-01 1.100000000000000000e+01
4.270000000000209184e-01 8.000000000000000000e+00
4.280000000000541149e-01 4.000000000000000000e+00
4.290000000000304681e-01 6.000000000000000000e+00
4.300000000000068212e-01 6.000000000000000000e+00
4.310000000000400178e-01 1.200000000000000000e+01
4.320000000000163709e-01 4.000000000000000000e+00
4.330000000000495675e-01 1.000000000000000000e+01
4.340000000000259206e-01 1.000000000000000000e+01
4.350000000000022737e-01 1.100000000000000000e+01
4.360000000000354703e-01 7.000000000000000000e+00
4.370000000000118234e-01 8.000000000000000000e+00
4.380000000000450200e-01 1.100000000000000000e+01
4.390000000000213731e-01 1.100000000000000000e+01
4.400000000000545697e-01 6.000000000000000000e+00
4.410000000000309228e-01 1.300000000000000000e+01
4.420000000000072760e-01 4.000000000000000000e+00
4.430000000000404725e-01 1.000000000000000000e+01
4.440000000000168257e-01 8.000000000000000000e+00
4.450000000000500222e-01 9.000000000000000000e+00
4.460000000000263753e-01 7.000000000000000000e+00
4.470000000000027285e-01 6.000000000000000000e+00
4.480000000000359250e-01 1.200000000000000000e+01
4.490000000000122782e-01 5.000000000000000000e+00
4.500000000000454747e-01 4.000000000000000000e+00
4.510000000000218279e-01 7.000000000000000000e+00
4.520000000000550244e-01 6.000000000000000000e+00
4.530000000000313776e-01 7.000000000000000000e+00
4.540000000000077307e-01 5.000000000000000000e+00
4.550000000000409273e-01 1.200000000000000000e+01
4.560000000000172804e-01 8.000000000000000000e+00
4.570000000000504770e-01 1.300000000000000000e+01
4.580000000000268301e-01 3.000000000000000000e+00
4.590000000000031832e-01 3.000000000000000000e+00
4.600000000000363798e-01 7.000000000000000000e+00
4.610000000000127329e-01 1.100000000000000000e+01
4.620000000000459295e-01 6.000000000000000000e+00
4.630000000000222826e-01 7.000000000000000000e+00
4.640000000000554792e-01 6.000000000000000000e+00
4.650000000000318323e-01 6.000000000000000000e+00
4.660000000000081855e-01 4.000000000000000000e+00
4.670000000000413820e-01 9.000000000000000000e+00
4.680000000000177351e-01 1.200000000000000000e+01
4.690000000000509317e-01 5.000000000000000000e+00
4.700000000000272848e-01 5.000000000000000000e+00
4.710000000000036380e-01 7.000000000000000000e+00
4.720000000000368345e-01 4.000000000000000000e+00
4.730000000000131877e-01 5.000000000000000000e+00
4.740000000000463842e-01 7.000000000000000000e+00
4.750000000000227374e-01 5.000000000000000000e+00
4.760000000000559339e-01 1.400000000000000000e+01
4.770000000000322871e-01 5.000000000000000000e+00
4.780000000000086402e-01 4.000000000000000000e+00
4.790000000000418368e-01 8.000000000000000000e+00
4.800000000000181899e-01 5.000000000000000000e+00
4.810000000000513865e-01 6.000000000000000000e+00
4.820000000000277396e-01 9.000000000000000000e+00
4.830000000000040927e-01 4.000000000000000000e+00
4.840000000000372893e-01 6.000000000000000000e+00
4.850000000000136424e-01 5.000000000000000000e+00
4.860000000000468390e-01 1.000000000000000000e+01
4.870000000000231921e-01 5.000000000000000000e+00
4.880000000000563887e-01 5.000000000000000000e+00
4.890000000000327418e-01 8.000000000000000000e+00
4.900000000000090949e-01 7.000000000000000000e+00
4.910000000000422915e-01 7.000000000000000000e+00
4.920000000000186446e-01 9.000000000000000000e+00
4.930000000000518412e-01 5.000000000000000000e+00
4.940000000000281943e-01 7.000000000000000000e+00
4.950000000000045475e-01 4.000000000000000000e+00
4.960000000000377440e-01 9.000000000000000000e+00
4.970000000000140972e-01 8.000000000000000000e+00
4.980000000000472937e-01 1.200000000000000000e+01
4.990000000000236469e-01 3.000000000000000000e+00
5.000000000000568434e-01 6.000000000000000000e+00
5.010000000000331966e-01 6.000000000000000000e+00
5.020000000000095497e-01 7.000000000000000000e+00
5.030000000000427463e-01 3.000000000000000000e+00
5.040000000000190994e-01 9.000000000000000000e+00
5.050000000000522959e-01 8.000000000000000000e+00
5.060000000000286491e-01 6.000000000000000000e+00
5.070000000000050022e-01 8.000000000000000000e+00
5.080000000000381988e-01 1.000000000000000000e+01
5.090000000000145519e-01 9.000000000000000000e+00
5.100000000000477485e-01 6.000000000000000000e+00
5.110000000000241016e-01 8.000000000000000000e+00
5.120000000000572982e-01 1.300000000000000000e+01
5.130000000000336513e-01 8.000000000000000000e+00
5.140000000000100044e-01 5.000000000000000000e+00
5.150000000000432010e-01 5.000000000000000000e+00
5.160000000000195541e-01 9.000000000000000000e+00
5.170000000000527507e-01 8.000000000000000000e+00
5.180000000000291038e-01 8.000000000000000000e+00
5.190000000000054570e-01 7.000000000000000000e+00
5.200000000000386535e-01 3.000000000000000000e+00
5.210000000000150067e-01 5.000000000000000000e+00
5.220000000000482032e-01 4.000000000000000000e+00
5.230000000000245564e-01 8.000000000000000000e+00
5.240000000000577529e-01 3.000000000000000000e+00
5.250000000000341061e-01 3.000000000000000000e+00
5.260000000000104592e-01 7.000000000000000000e+00
5.270000000000436557e-01 9.000000000000000000e+00
5.280000000000200089e-01 3.000000000000000000e+00
5.290000000000532054e-01 5.000000000000000000e+00
5.300000000000295586e-01 7.000000000000000000e+00
5.310000000000059117e-01 7.000000000000000000e+00
5.320000000000391083e-01 6.000000000000000000e+00
5.330000000000154614e-01 6.000000000000000000e+00
5.340000000000486580e-01 6.000000000000000000e+00
5.350000000000250111e-01 7.000000000000000000e+00
5.360000000000013642e-01 1.000000000000000000e+00
5.370000000000345608e-01 3.000000000000000000e+00
5.380000000000109139e-01 8.000000000000000000e+00
5.390000000000441105e-01 4.000000000000000000e+00
5.400000000000204636e-01 6.000000000000000000e+00
5.410000000000536602e-01 5.000000000000000000e+00
5.420000000000300133e-01 8.000000000000000000e+00
5.430000000000063665e-01 3.000000000000000000e+00
5.440000000000395630e-01 6.000000000000000000e+00
5.450000000000159162e-01 8.000000000000000000e+00
5.460000000000491127e-01 1.000000000000000000e+01
5.470000000000254659e-01 8.000000000000000000e+00
5.480000000000018190e-01 1.200000000000000000e+01
5.490000000000350155e-01 1.100000000000000000e+01
5.500000000000113687e-01 9.000000000000000000e+00
5.510000000000445652e-01 8.000000000000000000e+00
5.520000000000209184e-01 8.000000000000000000e+00
5.530000000000541149e-01 5.000000000000000000e+00
5.540000000000304681e-01 3.000000000000000000e+00
5.550000000000068212e-01 4.000000000000000000e+00
5.560000000000400178e-01 4.000000000000000000e+00
5.570000000000163709e-01 4.000000000000000000e+00
5.580000000000495675e-01 9.000000000000000000e+00
5.590000000000259206e-01 3.000000000000000000e+00
5.600000000000022737e-01 8.000000000000000000e+00
5.610000000000354703e-01 6.000000000000000000e+00
5.620000000000118234e-01 5.000000000000000000e+00
5.630000000000450200e-01 8.000000000000000000e+00
5.640000000000213731e-01 1.000000000000000000e+01
5.650000000000545697e-01 5.000000000000000000e+00
5.660000000000309228e-01 6.000000000000000000e+00
5.670000000000072760e-01 7.000000000000000000e+00
5.680000000000404725e-01 5.000000000000000000e+00
5.690000000000168257e-01 5.000000000000000000e+00
5.700000000000500222e-01 4.000000000000000000e+00
5.710000000000263753e-01 9.000000000000000000e+00
5.720000000000027285e-01 1.500000000000000000e+01
5.730000000000359250e-01 5.000000000000000000e+00
5.740000000000122782e-01 9.000000000000000000e+00
5.750000000000454747e-01 6.000000000000000000e+00
5.760000000000218279e-01 4.000000000000000000e+00
5.770000000000550244e-01 9.000000000000000000e+00
5.780000000000313776e-01 6.000000000000000000e+00
5.790000000000077307e-01 7.000000000000000000e+00
5.800000000000409273e-01 4.000000000000000000e+00
5.810000000000172804e-01 7.000000000000000000e+00
5.820000000000504770e-01 1.000000000000000000e+01
5.830000000000268301e-01 5.000000000000000000e+00
5.840000000000031832e-01 5.000000000000000000e+00
5.850000000000363798e-01 9.000000000000000000e+00
5.860000000000127329e-01 7.000000000000000000e+00
5.870000000000459295e-01 1.000000000000000000e+01
5.880000000000222826e-01 8.000000000000000000e+00
5.890000000000554792e-01 8.000000000000000000e+00
5.900000000000318323e-01 8.000000000000000000e+00
5.910000000000081855e-01 9.000000000000000000e+00
5.920000000000413820e-01 1.000000000000000000e+01
5.930000000000177351e-01 6.000000000000000000e+00
5.940000000000509317e-01 1.000000000000000000e+01
5.950000000000272848e-01 8.000000000000000000e+00
5.960000000000036380e-01 6.000000000000000000e+00
5.970000000000368345e-01 1.100000000000000000e+01
5.980000000000131877e-01 7.000000000000000000e+00
5.990000000000463842e-01 4.000000000000000000e+00
6.000000000000227374e-01 1.000000000000000000e+01
6.010000000000559339e-01 6.000000000000000000e+00
6.020000000000322871e-01 8.000000000000000000e+00
6.030000000000086402e-01 5.000000000000000000e+00
6.040000000000418368e-01 1.300000000000000000e+01
6.050000000000181899e-01 5.000000000000000000e+00
6.060000000000513865e-01 5.000000000000000000e+00
6.070000000000277396e-01 7.000000000000000000e+00
6.080000000000040927e-01 6.000000000000000000e+00
6.090000000000372893e-01 6.000000000000000000e+00
6.100000000000136424e-01 8.000000000000000000e+00
6.110000000000468390e-01 5.000000000000000000e+00
6.120000000000231921e-01 1.200000000000000000e+01
6.130000000000563887e-01 1.300000000000000000e+01
6.140000000000327418e-01 5.000000000000000000e+00
6.150000000000090949e-01 9.000000000000000000e+00
6.160000000000422915e-01 1.100000000000000000e+01
6.170000000000186446e-01 5.000000000000000000e+00
6.180000000000518412e-01 7.000000000000000000e+00
6.190000000000281943e-01 1.300000000000000000e+01
6.200000000000045475e-01 7.000000000000000000e+00
6.210000000000377440e-01 5.000000000000000000e+00
6.220000000000140972e-01 5.000000000000000000e+00
6.230000000000472937e-01 4.000000000000000000e+00
6.240000000000236469e-01 1.000000000000000000e+01
6.250000000000568434e-01 7.000000000000000000e+00
6.260000000000331966e-01 6.000000000000000000e+00
6.270000000000095497e-01 7.000000000000000000e+00
6.280000000000427463e-01 8.000000000000000000e+00
6.290000000000190994e-01 4.000000000000000000e+00
6.300000000000522959e-01 1.000000000000000000e+01
6.310000000000286491e-01 5.000000000000000000e+00
6.320000000000050022e-01 6.000000000000000000e+00
6.330000000000381988e-01 1.100000000000000000e+01
6.340000000000145519e-01 6.000000000000000000e+00
6.350000000000477485e-01 8.000000000000000000e+00
6.360000000000241016e-01 6.000000000000000000e+00
6.370000000000572982e-01 8.000000000000000000e+00
6.380000000000336513e-01 4.000000000000000000e+00
6.390000000000100044e-01 6.000000000000000000e+00
6.400000000000432010e-01 6.000000000000000000e+00
6.410000000000195541e-01 1.200000000000000000e+01
6.420000000000527507e-01 1.100000000000000000e+01
6.430000000000291038e-01 5.000000000000000000e+00
6.440000000000054570e-01 7.000000000000000000e+00
6.450000000000386535e-01 7.000000000000000000e+00
6.460000000000150067e-01 8.000000000000000000e+00
6.470000000000482032e-01 9.000000000000000000e+00
6.480000000000245564e-01 6.000000000000000000e+00
6.490000000000577529e-01 1.200000000000000000e+01
6.500000000000341061e-01 1.000000000000000000e+01
6.510000000000104592e-01 6.000000000000000000e+00
6.520000000000436557e-01 9.000000000000000000e+00
6.530000000000200089e-01 9.000000000000000000e+00
6.540000000000532054e-01 8.000000000000000000e+00
6.550000000000295586e-01 4.000000000000000000e+00
6.560000000000059117e-01 7.000000000000000000e+00
6.570000000000391083e-01 8.000000000000000000e+00
6.580000000000154614e-01 8.000000000000000000e+00
6.590000000000486580e-01 7.000000000000000000e+00
6.600000000000250111e-01 9.000000000000000000e+00
6.610000000000013642e-01 1.100000000000000000e+01
6.620000000000345608e-01 5.000000000000000000e+00
6.630000000000109139e-01 7.000000000000000000e+00
6.640000000000441105e-01 6.000000000000000000e+00
6.650000000000204636e-01 8.000000000000000000e+00
6.660000000000536602e-01 8.000000000000000000e+00
6.670000000000300133e-01 8.000000000000000000e+00
6.680000000000063665e-01 9.000000000000000000e+00
6.690000000000395630e-01 9.000000000000000000e+00
6.700000000000159162e-01 3.000000000000000000e+00
6.710000000000491127e-01 6.000000000000000000e+00
6.720000000000254659e-01 5.000000000000000000e+00
6.730000000000018190e-01 2.000000000000000000e+00
6.740000000000350155e-01 5.000000000000000000e+00
6.750000000000113687e-01 9.000000000000000000e+00
6.760000000000445652e-01 1.500000000000000000e+01
6.770000000000209184e-01 4.000000000000000000e+00
6.780000000000541149e-01 9.000000000000000000e+00
6.790000000000304681e-01 1.200000000000000000e+01
6.800000000000068212e-01 6.000000000000000000e+00
6.810000000000400178e-01 4.000000000000000000e+00
6.820000000000163709e-01 7.000000000000000000e+00
6.830000000000495675e-01 3.000000000000000000e+00
6.840000000000259206e-01 6.000000000000000000e+00
6.850000000000022737e-01 9.000000000000000000e+00
6.860000000000354703e-01 1.100000000000000000e+01
6.870000000000118234e-01 9.000000000000000000e+00
6.880000000000450200e-01 5.000000000000000000e+00
6.890000000000213731e-01 8.000000000000000000e+00
6.900000000000545697e-01 9.000000000000000000e+00
6.910000000000309228e-01 1.200000000000000000e+01
6.920000000000072760e-01 4.000000000000000000e+00
6.930000000000404725e-01 1.300000000000000000e+01
6.940000000000168257e-01 9.000000000000000000e+00
6.950000000000500222e-01 1.400000000000000000e+01
6.960000000000263753e-01 5.000000000000000000e+00
6.970000000000027285e-01 1.900000000000000000e+01
6.980000000000359250e-01 6.000000000000000000e+00
6.990000000000122782e-01 1.200000000000000000e+01
7.000000000000454747e-01 4.000000000000000000e+00
7.010000000000218279e-01 1.100000000000000000e+01
7.020000000000550244e-01 7.000000000000000000e+00
7.030000000000313776e-01 5.000000000000000000e+00
7.040000000000077307e-01 5.000000000000000000e+00
7.050000000000409273e-01 7.000000000000000000e+00
7.060000000000172804e-01 5.000000000000000000e+00
7.070000000000504770e-01 3.000000000000000000e+00
7.080000000000268301e-01 8.000000000000000000e+00
7.090000000000031832e-01 3.000000000000000000e+00
7.100000000000363798e-01 5.000000000000000000e+00
7.110000000000127329e-01 8.000000000000000000e+00
7.120000000000459295e-01 7.000000000000000000e+00
7.130000000000222826e-01 8.000000000000000000e+00
7.140000000000554792e-01 8.000000000000000000e+00
7.150000000000318323e-01 6.000000000000000000e+00
7.160000000000081855e-01 7.000000000000000000e+00
7.170000000000413820e-01 1.100000000000000000e+01
7.180000000000177351e-01 7.000000000000000000e+00
7.190000000000509317e-01 1.000000000000000000e+01
7.200000000000272848e-01 7.000000000000000000e+00
7.210000000000036380e-01 7.000000000000000000e+00
7.220000000000368345e-01 4.000000000000000000e+00
7.230000000000131877e-01 6.000000000000000000e+00
7.240000000000463842e-01 8.000000000000000000e+00
7.250000000000227374e-01 8.000000000000000000e+00
7.260000000000559339e-01 8.000000000000000000e+00
7.270000000000322871e-01 1.200000000000000000e+01
7.280000000000086402e-01 1.200000000000000000e+01
7.290000000000418368e-01 9.000000000000000000e+00
7.300000000000181899e-01 4.000000000000000000e+00
7.310000000000513865e-01 9.000000000000000000e+00
7.320000000000277396e-01 3.000000000000000000e+00
7.330000000000040927e-01 2.000000000000000000e+00
7.340000000000372893e-01 6.000000000000000000e+00
7.350000000000136424e-01 9.000000000000000000e+00
7.360000000000468390e-01 9.000000000000000000e+00
7.370000000000231921e-01 1.000000000000000000e+01
7.380000000000563887e-01 6.000000000000000000e+00
7.390000000000327418e-01 8.000000000000000000e+00
7.400000000000090949e-01 1.200000000000000000e+01
7.410000000000422915e-01 7.000000000000000000e+00
7.420000000000186446e-01 7.000000000000000000e+00
7.430000000000518412e-01 6.000000000000000000e+00
7.440000000000281943e-01 4.000000000000000000e+00
7.450000000000045475e-01 2.000000000000000000e+00
7.460000000000377440e-01 9.000000000000000000e+00
7.470000000000140972e-01 1.000000000000000000e+01
7.480000000000472937e-01 1.400000000000000000e+01
7.490000000000236469e-01 8.000000000000000000e+00
7.500000000000568434e-01 5.000000000000000000e+00
7.510000000000331966e-01 1.300000000000000000e+01
7.520000000000095497e-01 5.000000000000000000e+00
7.530000000000427463e-01 7.000000000000000000e+00
7.540000000000190994e-01 1.100000000000000000e+01
7.550000000000522959e-01 6.000000000000000000e+00
7.560000000000286491e-01 9.000000000000000000e+00
7.570000000000050022e-01 7.000000000000000000e+00
7.580000000000381988e-01 1.100000000000000000e+01
7.590000000000145519e-01 3.000000000000000000e+00
7.600000000000477485e-01 1.200000000000000000e+01
7.610000000000241016e-01 1.100000000000000000e+01
7.620000000000572982e-01 6.000000000000000000e+00
7.630000000000336513e-01 5.000000000000000000e+00
7.640000000000100044e-01 1.000000000000000000e+01
7.650000000000432010e-01 8.000000000000000000e+00
7.660000000000195541e-01 1.000000000000000000e+01
7.670000000000527507e-01 7.000000000000000000e+00
7.680000000000291038e-01 5.000000000000000000e+00
7.690000000000054570e-01 1.200000000000000000e+01
7.700000000000386535e-01 1.000000000000000000e+01
7.710000000000150067e-01 6.000000000000000000e+00
7.720000000000482032e-01 1.200000000000000000e+01
7.730000000000245564e-01 8.000000000000000000e+00
7.740000000000577529e-01 4.000000000000000000e+00
7.750000000000341061e-01 7.000000000000000000e+00
7.760000000000104592e-01 1.300000000000000000e+01
7.770000000000436557e-01 9.000000000000000000e+00
7.780000000000200089e-01 7.000000000000000000e+00
7.790000000000532054e-01 9.000000000000000000e+00
7.800000000000295586e-01 7.000000000000000000e+00
7.810000000000059117e-01 9.000000000000000000e+00
7.820000000000391083e-01 8.000000000000000000e+00
7.830000000000154614e-01 8.000000000000000000e+00
7.840000000000486580e-01 4.000000000000000000e+00
7.850000000000250111e-01 5.000000000000000000e+00
7.860000000000013642e-01 1.000000000000000000e+01
7.870000000000345608e-01 1.600000000000000000e+01
7.880000000000109139e-01 5.000000000000000000e+00
7.890000000000441105e-01 1.300000000000000000e+01
7.900000000000204636e-01 8.000000000000000000e+00
7.910000000000536602e-01 6.000000000000000000e+00
7.920000000000300133e-01 1.000000000000000000e+01
7.930000000000063665e-01 6.000000000000000000e+00
7.940000000000395630e-01 1.200000000000000000e+01
7.950000000000159162e-01 1.000000000000000000e+01
7.960000000000491127e-01 4.000000000000000000e+00
7.970000000000254659e-01 4.000000000000000000e+00
7.980000000000018190e-01 7.000000000000000000e+00
7.990000000000350155e-01 8.000000000000000000e+00
8.000000000000113687e-01 1.300000000000000000e+01
8.010000000000445652e-01 8.000000000000000000e+00
8.020000000000209184e-01 3.000000000000000000e+00
8.030000000000541149e-01 7.000000000000000000e+00
8.040000000000304681e-01 6.000000000000000000e+00
8.050000000000068212e-01 1.100000000000000000e+01
8.060000000000400178e-01 1.000000000000000000e+01
8.070000000000163709e-01 9.000000000000000000e+00
8.080000000000495675e-01 3.000000000000000000e+00
8.090000000000259206e-01 8.000000000000000000e+00
8.100000000000022737e-01 1.000000000000000000e+01
8.110000000000354703e-01 4.000000000000000000e+00
8.120000000000118234e-01 7.000000000000000000e+00
8.130000000000450200e-01 1.800000000000000000e+01
8.140000000000213731e-01 6.000000000000000000e+00
8.150000000000545697e-01 5.000000000000000000e+00
8.160000000000309228e-01 1.100000000000000000e+01
8.170000000000072760e-01 7.000000000000000000e+00
8.180000000000404725e-01 8.000000000000000000e+00
8.190000000000168257e-01 1.100000000000000000e+01
8.200000000000500222e-01 5.000000000000000000e+00
8.210000000000263753e-01 1.500000000000000000e+01
8.220000000000027285e-01 9.000000000000000000e+00
8.230000000000359250e-01 4.000000000000000000e+00
8.240000000000122782e-01 7.000000000000000000e+00
8.250000000000454747e-01 8.000000000000000000e+00
8.260000000000218279e-01 7.000000000000000000e+00
8.270000000000550244e-01 3.000000000000000000e+00
8.280000000000313776e-01 6.000000000000000000e+00
8.290000000000077307e-01 5.000000000000000000e+00
8.300000000000409273e-01 6.000000000000000000e+00
8.310000000000172804e-01 7.000000000000000000e+00
8.320000000000504770e-01 1.100000000000000000e+01
8.330000000000268301e-01 8.000000000000000000e+00
8.340000000000031832e-01 6.000000000000000000e+00
8.350000000000363798e-01 1.000000000000000000e+01
8.360000000000127329e-01 1.200000000000000000e+01
8.370000000000459295e-01 7.000000000000000000e+00
8.380000000000222826e-01 9.000000000000000000e+00
8.390000000000554792e-01 1.100000000000000000e+01
8.400000000000318323e-01 9.000000000000000000e+00
8.410000000000081855e-01 5.000000000000000000e+00
8.420000000000413820e-01 4.000000000000000000e+00
8.430000000000177351e-01 9.000000000000000000e+00
8.440000000000509317e-01 7.000000000000000000e+00
8.450000000000272848e-01 9.000000000000000000e+00
8.460000000000036380e-01 8.000000000000000000e+00
8.470000000000368345e-01 8.000000000000000000e+00
8.480000000000131877e-01 6.000000000000000000e+00
8.490000000000463842e-01 9.000000000000000000e+00
8.500000000000227374e-01 6.000000000000000000e+00
8.510000000000559339e-01 7.000000000000000000e+00
8.520000000000322871e-01 8.000000000000000000e+00
8.530000000000086402e-01 6.000000000000000000e+00
8.540000000000418368e-01 8.000000000000000000e+00
8.550000000000181899e-01 1.200000000000000000e+01
8.560000000000513865e-01 1.800000000000000000e+01
8.570000000000277396e-01 2.300000000000000000e+01
8.580000000000040927e-01 2.800000000000000000e+01
8.590000000000372893e-01 1.500000000000000000e+01
8.600000000000136424e-01 1.700000000000000000e+01
8.610000000000468390e-01 1.800000000000000000e+01
8.620000000000231921e-01 2.900000000000000000e+01
8.630000000000563887e-01 2.100000000000000000e+01
8.640000000000327418e-01 1.700000000000000000e+01
8.650000000000090949e-01 2.600000000000000000e+01
8.660000000000422915e-01 2.400000000000000000e+01
8.670000000000186446e-01 2.500000000000000000e+01
8.680000000000518412e-01 2.200000000000000000e+01
8.690000000000281943e-01 1.600000000000000000e+01
8.700000000000045475e-01 2.600000000000000000e+01
8.710000000000377440e-01 2.100000000000000000e+01
8.720000000000140972e-01 2.800000000000000000e+01
8.730000000000472937e-01 1.900000000000000000e+01
8.740000000000236469e-01 2.400000000000000000e+01
8.750000000000568434e-01 1.900000000000000000e+01
8.760000000000331966e-01 6.000000000000000000e+00
8.770000000000095497e-01 9.000000000000000000e+00
8.780000000000427463e-01 3.000000000000000000e+00
8.790000000000190994e-01 8.000000000000000000e+00
8.800000000000522959e-01 9.000000000000000000e+00
8.810000000000286491e-01 6.000000000000000000e+00
8.820000000000050022e-01 6.000000000000000000e+00
8.830000000000381988e-01 4.000000000000000000e+00
8.840000000000145519e-01 1.300000000000000000e+01
8.850000000000477485e-01 8.000000000000000000e+00
8.860000000000241016e-01 1.100000000000000000e+01
8.870000000000572982e-01 7.000000000000000000e+00
8.880000000000336513e-01 7.000000000000000000e+00
8.890000000000100044e-01 7.000000000000000000e+00
8.900000000000432010e-01 5.000000000000000000e+00
8.910000000000195541e-01 9.000000000000000000e+00
8.920000000000527507e-01 6.000000000000000000e+00
8.930000000000291038e-01 7.000000000000000000e+00
8.940000000000054570e-01 8.000000000000000000e+00
8.950000000000386535e-01 1.400000000000000000e+01
8.960000000000150067e-01 8.000000000000000000e+00
8.970000000000482032e-01 6.000000000000000000e+00
8.980000000000245564e-01 6.000000000000000000e+00
8.990000000000577529e-01 1.400000000000000000e+01
9.000000000000341061e-01 8.000000000000000000e+00
9.010000000000104592e-01 8.000000000000000000e+00
9.020000000000436557e-01 1.000000000000000000e+01
9.030000000000200089e-01 9.000000000000000000e+00
9.040000000000532054e-01 6.000000000000000000e+00
9.050000000000295586e-01 1.400000000000000000e+01
9.060000000000059117e-01 9.000000000000000000e+00
9.070000000000391083e-01 8.000000000000000000e+00
9.080000000000154614e-01 4.000000000000000000e+00
9.090000000000486580e-01 9.000000000000000000e+00
9.100000000000250111e-01 9.000000000000000000e+00
9.110000000000013642e-01 6.000000000000000000e+00
9.120000000000345608e-01 8.000000000000000000e+00
9.130000000000109139e-01 1.100000000000000000e+01
9.140000000000441105e-01 1.000000000000000000e+01
9.150000000000204636e-01 6.000000000000000000e+00
9.160000000000536602e-01 7.000000000000000000e+00
9.170000000000300133e-01 7.000000000000000000e+00
9.180000000000063665e-01 1.000000000000000000e+01
9.190000000000395630e-01 8.000000000000000000e+00
9.200000000000159162e-01 5.000000000000000000e+00
9.210000000000491127e-01 8.000000000000000000e+00
9.220000000000254659e-01 9.000000000000000000e+00
9.230000000000018190e-01 7.000000000000000000e+00
9.240000000000350155e-01 1.100000000000000000e+01
9.250000000000113687e-01 1.500000000000000000e+01
9.260000000000445652e-01 7.000000000000000000e+00
9.270000000000209184e-01 2.000000000000000000e+00
9.280000000000541149e-01 7.000000000000000000e+00
9.290000000000304681e-01 8.000000000000000000e+00
9.300000000000068212e-01 9.000000000000000000e+00
9.310000000000400178e-01 7.000000000000000000e+00
9.320000000000163709e-01 7.000000000000000000e+00
9.330000000000495675e-01 8.000000000000000000e+00
9.340000000000259206e-01 3.000000000000000000e+00
9.350000000000022737e-01 9.000000000000000000e+00
9.360000000000354703e-01 1.100000000000000000e+01
9.370000000000118234e-01 5.000000000000000000e+00
9.380000000000450200e-01 5.000000000000000000e+00
9.390000000000213731e-01 1.200000000000000000e+01
9.400000000000545697e-01 9.000000000000000000e+00
9.410000000000309228e-01 1.100000000000000000e+01
9.420000000000072760e-01 8.000000000000000000e+00
9.430000000000404725e-01 5.000000000000000000e+00
9.440000000000168257e-01 7.000000000000000000e+00
9.450000000000500222e-01 4.000000000000000000e+00
9.460000000000263753e-01 6.000000000000000000e+00
9.470000000000027285e-01 1.000000000000000000e+01
9.480000000000359250e-01 1.100000000000000000e+01
9.490000000000122782e-01 5.000000000000000000e+00
9.500000000000454747e-01 5.000000000000000000e+00
9.510000000000218279e-01 3.000000000000000000e+00
9.520000000000550244e-01 7.000000000000000000e+00
9.530000000000313776e-01 8.000000000000000000e+00
9.540000000000077307e-01 5.000000000000000000e+00
9.550000000000409273e-01 2.000000000000000000e+00
9.560000000000172804e-01 5.000000000000000000e+00
9.570000000000504770e-01 4.000000000000000000e+00
9.580000000000268301e-01 5.000000000000000000e+00
9.590000000000031832e-01 5.000000000000000000e+00
9.600000000000363798e-01 6.000000000000000000e+00
9.610000000000127329e-01 9.000000000000000000e+00
9.620000000000459295e-01 6.000000000000000000e+00
9.630000000000222826e-01 7.000000000000000000e+00
9.640000000000554792e-01 5.000000000000000000e+00
9.650000000000318323e-01 8.000000000000000000e+00
9.660000000000081855e-01 1.300000000000000000e+01
9.670000000000413820e-01 6.000000000000000000e+00
9.680000000000177351e-01 1.000000000000000000e+01
9.690000000000509317e-01 1.200000000000000000e+01
9.700000000000272848e-01 8.000000000000000000e+00
9.710000000000036380e-01 3.000000000000000000e+00
9.720000000000368345e-01 7.000000000000000000e+00
9.730000000000131877e-01 9.000000000000000000e+00
9.740000000000463842e-01 6.000000000000000000e+00
9.750000000000227374e-01 4.000000000000000000e+00
9.760000000000559339e-01 6.000000000000000000e+00
9.770000000000322871e-01 1.100000000000000000e+01
9.780000000000086402e-01 1.000000000000000000e+01
9.790000000000418368e-01 8.000000000000000000e+00
9.800000000000181899e-01 5.000000000000000000e+00
9.810000000000513865e-01 7.000000000000000000e+00
9.820000000000277396e-01 7.000000000000000000e+00
9.830000000000040927e-01 1.300000000000000000e+01
9.840000000000372893e-01 6.000000000000000000e+00
9.850000000000136424e-01 1.300000000000000000e+01
9.860000000000468390e-01 1.000000000000000000e+01
9.870000000000231921e-01 8.000000000000000000e+00
9.880000000000563887e-01 9.000000000000000000e+00
9.890000000000327418e-01 8.000000000000000000e+00
9.900000000000090949e-01 3.000000000000000000e+00
9.910000000000422915e-01 7.000000000000000000e+00
9.920000000000186446e-01 7.000000000000000000e+00
9.930000000000518412e-01 6.000000000000000000e+00
9.940000000000281943e-01 8.000000000000000000e+00
9.950000000000045475e-01 1.300000000000000000e+01
9.960000000000377440e-01 1.000000000000000000e+01
9.970000000000140972e-01 7.000000000000000000e+00
9.980000000000472937e-01 1.700000000000000000e+01
9.990000000000236469e-01 5.000000000000000000e+00
1.000000000000056843e+00 8.000000000000000000e+00
1.001000000000033197e+00 3.300000000000000000e+01
1.002000000000009550e+00 2.500000000000000000e+01
1.003000000000042746e+00 2.700000000000000000e+01
1.004000000000019099e+00 1.900000000000000000e+01
1.005000000000052296e+00 6.000000000000000000e+00
1.006000000000028649e+00 1.200000000000000000e+01
1.007000000000005002e+00 1.200000000000000000e+01
1.008000000000038199e+00 1.200000000000000000e+01
1.009000000000014552e+00 8.000000000000000000e+00
1.010000000000047748e+00 4.000000000000000000e+00
1.011000000000024102e+00 6.000000000000000000e+00
1.012000000000057298e+00 7.000000000000000000e+00
1.013000000000033651e+00 1.800000000000000000e+01
1.014000000000010004e+00 1.000000000000000000e+01
1.015000000000043201e+00 1.600000000000000000e+01
1.016000000000019554e+00 3.100000000000000000e+01
1.017000000000052751e+00 2.200000000000000000e+01
1.018000000000029104e+00 1.500000000000000000e+01
1.019000000000005457e+00 1.000000000000000000e+01
1.020000000000038654e+00 5.000000000000000000e+00
1.021000000000015007e+00 9.000000000000000000e+00
1.022000000000048203e+00 9.000000000000000000e+00
1.023000000000024556e+00 7.000000000000000000e+00
1.024000000000057753e+00 1.000000000000000000e+01
1.025000000000034106e+00 1.100000000000000000e+01
1.026000000000010459e+00 6.000000000000000000e+00
1.027000000000043656e+00 6.000000000000000000e+00
1.028000000000020009e+00 9.000000000000000000e+00
1.029000000000053205e+00 7.000000000000000000e+00
1.030000000000029559e+00 5.000000000000000000e+00
1.031000000000005912e+00 8.000000000000000000e+00
1.032000000000039108e+00 8.000000000000000000e+00
1.033000000000015461e+00 9.000000000000000000e+00
1.034000000000048658e+00 9.000000000000000000e+00
1.035000000000025011e+00 6.000000000000000000e+00
1.036000000000001364e+00 9.000000000000000000e+00
1.037000000000034561e+00 7.000000000000000000e+00
1.038000000000010914e+00 2.000000000000000000e+00
1.039000000000044110e+00 4.000000000000000000e+00
1.040000000000020464e+00 6.000000000000000000e+00
1.041000000000053660e+00 8.000000000000000000e+00
1.042000000000030013e+00 2.000000000000000000e+00
1.043000000000006366e+00 6.000000000000000000e+00
1.044000000000039563e+00 7.000000000000000000e+00
1.045000000000015916e+00 8.000000000000000000e+00
1.046000000000049113e+00 7.000000000000000000e+00
1.047000000000025466e+00 4.000000000000000000e+00
1.048000000000001819e+00 1.200000000000000000e+01
1.049000000000035016e+00 6.000000000000000000e+00
1.050000000000011369e+00 7.000000000000000000e+00
1.051000000000044565e+00 1.400000000000000000e+01
1.052000000000020918e+00 1.100000000000000000e+01
1.053000000000054115e+00 6.000000000000000000e+00
1.054000000000030468e+00 1.000000000000000000e+01
1.055000000000006821e+00 1.000000000000000000e+01
1.056000000000040018e+00 6.000000000000000000e+00
1.057000000000016371e+00 4.000000000000000000e+00
1.058000000000049567e+00 6.000000000000000000e+00
1.059000000000025921e+00 1.800000000000000000e+01
1.060000000000002274e+00 1.000000000000000000e+01
1.061000000000035470e+00 5.000000000000000000e+00
1.062000000000011823e+00 7.000000000000000000e+00
1.063000000000045020e+00 1.200000000000000000e+01
1.064000000000021373e+00 1.500000000000000000e+01
1.065000000000054570e+00 2.200000000000000000e+01
1.066000000000030923e+00 1.200000000000000000e+01
1.067000000000007276e+00 1.600000000000000000e+01
1.068000000000040473e+00 3.000000000000000000e+00
1.069000000000016826e+00 1.100000000000000000e+01
1.070000000000050022e+00 1.100000000000000000e+01
1.071000000000026375e+00 1.000000000000000000e+01
1.072000000000002728e+00 1.000000000000000000e+01
1.073000000000035925e+00 1.600000000000000000e+01
1.074000000000012278e+00 1.500000000000000000e+01
1.075000000000045475e+00 1.700000000000000000e+01
1.076000000000021828e+00 1.100000000000000000e+01
1.077000000000055024e+00 1.500000000000000000e+01
1.078000000000031378e+00 1.200000000000000000e+01
1.079000000000007731e+00 5.000000000000000000e+00
1.080000000000040927e+00 1.500000000000000000e+01
1.081000000000017280e+00 1.600000000000000000e+01
1.082000000000050477e+00 1.000000000000000000e+01
1.083000000000026830e+00 1.100000000000000000e+01
1.084000000000003183e+00 1.400000000000000000e+01
1.085000000000036380e+00 1.600000000000000000e+01
1.086000000000012733e+00 1.400000000000000000e+01
1.087000000000045929e+00 1.000000000000000000e+01
1.088000000000022283e+00 2.000000000000000000e+01
1.089000000000055479e+00 1.200000000000000000e+01
1.090000000000031832e+00 9.000000000000000000e+00
1.091000000000008185e+00 8.000000000000000000e+00
1.092000000000041382e+00 1.000000000000000000e+01
1.093000000000017735e+00 1.500000000000000000e+01
1.094000000000050932e+00 1.300000000000000000e+01
1.095000000000027285e+00 1.700000000000000000e+01
1.096000000000003638e+00 1.400000000000000000e+01
1.097000000000036835e+00 1.300000000000000000e+01
1.098000000000013188e+00 9.000000000000000000e+00
1.099000000000046384e+00 1.800000000000000000e+01
1.100000000000022737e+00 1.500000000000000000e+01
1.101000000000055934e+00 7.000000000000000000e+00
1.102000000000032287e+00 1.100000000000000000e+01
1.103000000000008640e+00 1.600000000000000000e+01
1.104000000000041837e+00 9.000000000000000000e+00
1.105000000000018190e+00 5.000000000000000000e+00
1.106000000000051386e+00 1.600000000000000000e+01
1.107000000000027740e+00 1.300000000000000000e+01
1.108000000000004093e+00 7.000000000000000000e+00
1.109000000000037289e+00 1.100000000000000000e+01
1.110000000000013642e+00 1.300000000000000000e+01
1.111000000000046839e+00 9.000000000000000000e+00
1.112000000000023192e+00 4.000000000000000000e+00
1.113000000000056389e+00 1.300000000000000000e+01
1.114000000000032742e+00 1.200000000000000000e+01
1.115000000000009095e+00 1.600000000000000000e+01
1.116000000000042292e+00 1.200000000000000000e+01
1.117000000000018645e+00 8.000000000000000000e+00
1.118000000000051841e+00 6.000000000000000000e+00
1.119000000000028194e+00 2.100000000000000000e+01
1.120000000000004547e+00 9.000000000000000000e+00
1.121000000000037744e+00 1.200000000000000000e+01
1.122000000000014097e+00 1.800000000000000000e+01
1.123000000000047294e+00 1.700000000000000000e+01
1.124000000000023647e+00 1.100000000000000000e+01
1.125000000000056843e+00 1.200000000000000000e+01
1.126000000000033197e+00 1.100000000000000000e+01
1.127000000000009550e+00 1.000000000000000000e+01
1.128000000000042746e+00 9.000000000000000000e+00
1.129000000000019099e+00 1.100000000000000000e+01
1.130000000000052296e+00 1.000000000000000000e+01
1.131000000000028649e+00 1.400000000000000000e+01
1.132000000000005002e+00 1.100000000000000000e+01
1.133000000000038199e+00 1.400000000000000000e+01
1.134000000000014552e+00 1.600000000000000000e+01
1.135000000000047748e+00 1.100000000000000000e+01
1.136000000000024102e+00 6.000000000000000000e+00
1.137000000000057298e+00 1.000000000000000000e+01
1.138000000000033651e+00 1.000000000000000000e+01
1.139000000000010004e+00 1.500000000000000000e+01
1.140000000000043201e+00 9.000000000000000000e+00
1.141000000000019554e+00 2.000000000000000000e+01
1.142000000000052751e+00 1.600000000000000000e+01
1.143000000000029104e+00 1.300000000000000000e+01
1.144000000000005457e+00 1.200000000000000000e+01
1.145000000000038654e+00 8.000000000000000000e+00
1.146000000000015007e+00 1.600000000000000000e+01
1.147000000000048203e+00 1.000000000000000000e+01
1.148000000000024556e+00 1.200000000000000000e+01
1.149000000000057753e+00 1.600000000000000000e+01
1.150000000000034106e+00 1.100000000000000000e+01
1.151000000000010459e+00 1.600000000000000000e+01
1.152000000000043656e+00 1.400000000000000000e+01
1.153000000000020009e+00 1.100000000000000000e+01
1.154000000000053205e+00 1.400000000000000000e+01
1.155000000000029559e+00 1.300000000000000000e+01
1.156000000000005912e+00 1.200000000000000000e+01
1.157000000000039108e+00 9.000000000000000000e+00
1.158000000000015461e+00 1.300000000000000000e+01
1.159000000000048658e+00 1.800000000000000000e+01
1.160000000000025011e+00 7.000000000000000000e+00
1.161000000000001364e+00 9.000000000000000000e+00
1.162000000000034561e+00 6.000000000000000000e+00
1.163000000000010914e+00 1.400000000000000000e+01
1.164000000000044110e+00 1.500000000000000000e+01
1.165000000000020464e+00 8.000000000000000000e+00
1.166000000000053660e+00 8.000000000000000000e+00
1.167000000000030013e+00 1.100000000000000000e+01
1.168000000000006366e+00 1.400000000000000000e+01
1.169000000000039563e+00 1.600000000000000000e+01
1.170000000000015916e+00 1.800000000000000000e+01
1.171000000000049113e+00 1.300000000000000000e+01
1.172000000000025466e+00 1.100000000000000000e+01
1.173000000000001819e+00 1.000000000000000000e+01
1.174000000000035016e+00 1.200000000000000000e+01
1.175000000000011369e+00 1.100000000000000000e+01
1.176000000000044565e+00 1.300000000000000000e+01
1.177000000000020918e+00 1.100000000000000000e+01
1.178000000000054115e+00 1.000000000000000000e+01
1.179000000000030468e+00 7.000000000000000000e+00
1.180000000000006821e+00 1.200000000000000000e+01
1.181000000000040018e+00 1.100000000000000000e+01
1.182000000000016371e+00 7.000000000000000000e+00
1.183000000000049567e+00 9.000000000000000000e+00
1.184000000000025921e+00 1.100000000000000000e+01
1.185000000000002274e+00 1.400000000000000000e+01
1.186000000000035470e+00 1.200000000000000000e+01
1.187000000000011823e+00 1.100000000000000000e+01
1.188000000000045020e+00 1.200000000000000000e+01
1.189000000000021373e+00 6.000000000000000000e+00
1.190000000000054570e+00 8.000000000000000000e+00
1.191000000000030923e+00 9.000000000000000000e+00
1.192000000000007276e+00 6.000000000000000000e+00
1.193000000000040473e+00 1.200000000000000000e+01
1.194000000000016826e+00 1.000000000000000000e+00
1.195000000000050022e+00 2.000000000000000000e+00
1.196000000000026375e+00 6.000000000000000000e+00
1.197000000000002728e+00 9.000000000000000000e+00
1.198000000000035925e+00 5.000000000000000000e+00
1.199000000000012278e+00 1.100000000000000000e+01
1.200000000000045475e+00 8.000000000000000000e+00
1.201000000000021828e+00 7.000000000000000000e+00
1.202000000000055024e+00 6.000000000000000000e+00
1.203000000000031378e+00 8.000000000000000000e+00
1.204000000000007731e+00 1.200000000000000000e+01
1.205000000000040927e+00 5.000000000000000000e+00
1.206000000000017280e+00 4.000000000000000000e+00
1.207000000000050477e+00 5.000000000000000000e+00
1.208000000000026830e+00 8.000000000000000000e+00
1.209000000000003183e+00 4.000000000000000000e+00
1.210000000000036380e+00 5.000000000000000000e+00
1.211000000000012733e+00 5.000000000000000000e+00
1.212000000000045929e+00 7.000000000000000000e+00
1.213000000000022283e+00 6.000000000000000000e+00
1.214000000000055479e+00 6.000000000000000000e+00
1.215000000000031832e+00 7.000000000000000000e+00
1.216000000000008185e+00 5.000000000000000000e+00
1.217000000000041382e+00 5.000000000000000000e+00
1.218000000000017735e+00 5.000000000000000000e+00
1.219000000000050932e+00 6.000000000000000000e+00
1.220000000000027285e+00 5.000000000000000000e+00
1.221000000000003638e+00 7.000000000000000000e+00
1.222000000000036835e+00 1.000000000000000000e+01
1.223000000000013188e+00 1.100000000000000000e+01
1.224000000000046384e+00 6.000000000000000000e+00
1.225000000000022737e+00 2.000000000000000000e+00
1.226000000000055934e+00 6.000000000000000000e+00
1.227000000000032287e+00 7.000000000000000000e+00
1.228000000000008640e+00 4.000000000000000000e+00
1.229000000000041837e+00 4.000000000000000000e+00
1.230000000000018190e+00 7.000000000000000000e+00
1.231000000000051386e+00 1.100000000000000000e+01
1.232000000000027740e+00 6.000000000000000000e+00
1.233000000000004093e+00 5.000000000000000000e+00
1.234000000000037289e+00 9.000000000000000000e+00
1.235000000000013642e+00 2.000000000000000000e+00
1.236000000000046839e+00 9.000000000000000000e+00
1.237000000000023192e+00 1.100000000000000000e+01
1.238000000000056389e+00 5.000000000000000000e+00
1.239000000000032742e+00 6.000000000000000000e+00
1.240000000000009095e+00 6.000000000000000000e+00
1.241000000000042292e+00 6.000000000000000000e+00
1.242000000000018645e+00 7.000000000000000000e+00
1.243000000000051841e+00 4.000000000000000000e+00
1.244000000000028194e+00 4.000000000000000000e+00
1.245000000000004547e+00 1.100000000000000000e+01
1.246000000000037744e+00 6.000000000000000000e+00
1.247000000000014097e+00 8.000000000000000000e+00
1.248000000000047294e+00 4.000000000000000000e+00
1.249000000000023647e+00 6.000000000000000000e+00
1.250000000000056843e+00 6.000000000000000000e+00
1.251000000000033197e+00 1.000000000000000000e+01
1.252000000000009550e+00 7.000000000000000000e+00
1.253000000000042746e+00 7.000000000000000000e+00
1.254000000000019099e+00 7.000000000000000000e+00
1.255000000000052296e+00 7.000000000000000000e+00
1.256000000000028649e+00 6.000000000000000000e+00
1.257000000000005002e+00 1.100000000000000000e+01
1.258000000000038199e+00 9.000000000000000000e+00
1.259000000000014552e+00 6.000000000000000000e+00
1.260000000000047748e+00 1.100000000000000000e+01
1.261000000000024102e+00 4.000000000000000000e+00
1.262000000000057298e+00 2.000000000000000000e+00
1.263000000000033651e+00 7.000000000000000000e+00
1.264000000000010004e+00 5.000000000000000000e+00
1.265000000000043201e+00 7.000000000000000000e+00
1.266000000000019554e+00 9.000000000000000000e+00
1.267000000000052751e+00 7.000000000000000000e+00
1.268000000000029104e+00 3.000000000000000000e+00
1.269000000000005457e+00 5.000000000000000000e+00
1.270000000000038654e+00 7.000000000000000000e+00
1.271000000000015007e+00 8.000000000000000000e+00
1.272000000000048203e+00 5.000000000000000000e+00
1.273000000000024556e+00 6.000000000000000000e+00
1.274000000000057753e+00 5.000000000000000000e+00
1.275000000000034106e+00 3.000000000000000000e+00
1.276000000000010459e+00 3.000000000000000000e+00
1.277000000000043656e+00 5.000000000000000000e+00
1.278000000000020009e+00 4.000000000000000000e+00
1.279000000000053205e+00 7.000000000000000000e+00
1.280000000000029559e+00 8.000000000000000000e+00
1.281000000000005912e+00 7.000000000000000000e+00
1.282000000000039108e+00 3.000000000000000000e+00
1.283000000000015461e+00 7.000000000000000000e+00
1.284000000000048658e+00 8.000000000000000000e+00
1.285000000000025011e+00 8.000000000000000000e+00
1.286000000000001364e+00 4.000000000000000000e+00
1.287000000000034561e+00 4.000000000000000000e+00
1.288000000000010914e+00 4.000000000000000000e+00
1.289000000000044110e+00 5.000000000000000000e+00
1.290000000000020464e+00 6.000000000000000000e+00
1.291000000000053660e+00 3.000000000000000000e+00
1.292000000000030013e+00 8.000000000000000000e+00
1.293000000000006366e+00 5.000000000000000000e+00
1.294000000000039563e+00 5.000000000000000000e+00
1.295000000000015916e+00 3.000000000000000000e+00
1.296000000000049113e+00 1.300000000000000000e+01
1.297000000000025466e+00 5.000000000000000000e+00
1.298000000000001819e+00 3.000000000000000000e+00
1.299000000000035016e+00 4.000000000000000000e+00
1.300000000000011369e+00 3.000000000000000000e+00
1.301000000000044565e+00 1.000000000000000000e+01
1.302000000000020918e+00 7.000000000000000000e+00
1.303000000000054115e+00 8.000000000000000000e+00
1.304000000000030468e+00 7.000000000000000000e+00
1.305000000000006821e+00 8.000000000000000000e+00
1.306000000000040018e+00 6.000000000000000000e+00
1.307000000000016371e+00 1.200000000000000000e+01
1.308000000000049567e+00 2.200000000000000000e+01
1.309000000000025921e+00 1.100000000000000000e+01
1.310000000000002274e+00 7.000000000000000000e+00
1.311000000000035470e+00 7.000000000000000000e+00
1.312000000000011823e+00 8.000000000000000000e+00
1.313000000000045020e+00 4.000000000000000000e+00
1.314000000000021373e+00 1.200000000000000000e+01
1.315000000000054570e+00 1.700000000000000000e+01
1.316000000000030923e+00 1.500000000000000000e+01
1.317000000000007276e+00 1.200000000000000000e+01
1.318000000000040473e+00 1.400000000000000000e+01
1.319000000000016826e+00 8.000000000000000000e+00
1.320000000000050022e+00 5.000000000000000000e+00
1.321000000000026375e+00 9.000000000000000000e+00
1.322000000000002728e+00 8.000000000000000000e+00
1.323000000000035925e+00 1.100000000000000000e+01
1.324000000000012278e+00 1.000000000000000000e+01
1.325000000000045475e+00 1.000000000000000000e+01
1.326000000000021828e+00 9.000000000000000000e+00
1.327000000000055024e+00 7.000000000000000000e+00
1.328000000000031378e+00 3.000000000000000000e+00
1.329000000000007731e+00 9.000000000000000000e+00
1.330000000000040927e+00 1.000000000000000000e+01
1.331000000000017280e+00 9.000000000000000000e+00
1.332000000000050477e+00 8.000000000000000000e+00
1.333000000000026830e+00 5.000000000000000000e+00
1.334000000000003183e+00 6.000000000000000000e+00
1.335000000000036380e+00 7.000000000000000000e+00
1.336000000000012733e+00 4.000000000000000000e+00
1.337000000000045929e+00 1.100000000000000000e+01
1.338000000000022283e+00 5.000000000000000000e+00
1.339000000000055479e+00 7.000000000000000000e+00
1.340000000000031832e+00 9.000000000000000000e+00
1.341000000000008185e+00 6.000000000000000000e+00
1.342000000000041382e+00 8.000000000000000000e+00
1.343000000000017735e+00 5.000000000000000000e+00
1.344000000000050932e+00 1.400000000000000000e+01
1.345000000000027285e+00 1.100000000000000000e+01
1.346000000000003638e+00 6.000000000000000000e+00
1.347000000000036835e+00 4.000000000000000000e+00
1.348000000000013188e+00 1.300000000000000000e+01
1.349000000000046384e+00 9.000000000000000000e+00
1.350000000000022737e+00 5.000000000000000000e+00
1.351000000000055934e+00 9.000000000000000000e+00
1.352000000000032287e+00 1.900000000000000000e+01
1.353000000000008640e+00 2.100000000000000000e+01
1.354000000000041837e+00 8.000000000000000000e+00
1.355000000000018190e+00 1.400000000000000000e+01
1.356000000000051386e+00 1.100000000000000000e+01
1.357000000000027740e+00 9.000000000000000000e+00
1.358000000000004093e+00 1.200000000000000000e+01
1.359000000000037289e+00 7.000000000000000000e+00
1.360000000000013642e+00 3.000000000000000000e+00
1.361000000000046839e+00 8.000000000000000000e+00
1.362000000000023192e+00 6.000000000000000000e+00
1.363000000000056389e+00 8.000000000000000000e+00
1.364000000000032742e+00 1.300000000000000000e+01
1.365000000000009095e+00 8.000000000000000000e+00
1.366000000000042292e+00 6.000000000000000000e+00
1.367000000000018645e+00 4.000000000000000000e+00
1.368000000000051841e+00 6.000000000000000000e+00
1.369000000000028194e+00 1.000000000000000000e+01
1.370000000000004547e+00 1.200000000000000000e+01
1.371000000000037744e+00 8.000000000000000000e+00
1.372000000000014097e+00 6.000000000000000000e+00
1.373000000000047294e+00 8.000000000000000000e+00
1.374000000000023647e+00 7.000000000000000000e+00
1.375000000000056843e+00 5.000000000000000000e+00
1.376000000000033197e+00 1.000000000000000000e+01
1.377000000000009550e+00 8.000000000000000000e+00
1.378000000000042746e+00 7.000000000000000000e+00
1.379000000000019099e+00 8.000000000000000000e+00
1.380000000000052296e+00 5.000000000000000000e+00
1.381000000000028649e+00 9.000000000000000000e+00
1.382000000000005002e+00 1.800000000000000000e+01
1.383000000000038199e+00 7.000000000000000000e+00
1.384000000000014552e+00 2.000000000000000000e+00
1.385000000000047748e+00 1.000000000000000000e+01
1.386000000000024102e+00 4.000000000000000000e+00
1.387000000000057298e+00 5.000000000000000000e+00
1.388000000000033651e+00 4.000000000000000000e+00
1.389000000000010004e+00 6.000000000000000000e+00
1.390000000000043201e+00 4.000000000000000000e+00
1.391000000000019554e+00 9.000000000000000000e+00
1.392000000000052751e+00 5.000000000000000000e+00
1.393000000000029104e+00 1.000000000000000000e+01
1.394000000000005457e+00 5.000000000000000000e+00
1.395000000000038654e+00 6.000000000000000000e+00
1.396000000000015007e+00 6.000000000000000000e+00
1.397000000000048203e+00 7.000000000000000000e+00
1.398000000000024556e+00 1.100000000000000000e+01
1.399000000000057753e+00 1.000000000000000000e+00
1.400000000000034106e+00 6.000000000000000000e+00
1.401000000000010459e+00 9.000000000000000000e+00
1.402000000000043656e+00 8.000000000000000000e+00
1.403000000000020009e+00 7.000000000000000000e+00
1.404000000000053205e+00 1.400000000000000000e+01
1.405000000000029559e+00 1.200000000000000000e+01
1.406000000000005912e+00 9.000000000000000000e+00
1.407000000000039108e+00 9.000000000000000000e+00
1.408000000000015461e+00 1.000000000000000000e+01
1.409000000000048658e+00 7.000000000000000000e+00
1.410000000000025011e+00 1.400000000000000000e+01
1.411000000000001364e+00 1.700000000000000000e+01
1.412000000000034561e+00 2.100000000000000000e+01
1.413000000000010914e+00 2.300000000000000000e+01
1.414000000000044110e+00 1.600000000000000000e+01
1.415000000000020464e+00 2.500000000000000000e+01
1.416000000000053660e+00 2.600000000000000000e+01
1.417000000000030013e+00 3.000000000000000000e+00
1.418000000000006366e+00 9.000000000000000000e+00
1.419000000000039563e+00 7.000000000000000000e+00
1.420000000000015916e+00 8.000000000000000000e+00
1.421000000000049113e+00 7.000000000000000000e+00
1.422000000000025466e+00 1.400000000000000000e+01
1.423000000000001819e+00 5.000000000000000000e+00
1.424000000000035016e+00 8.000000000000000000e+00
1.425000000000011369e+00 7.000000000000000000e+00
1.426000000000044565e+00 1.200000000000000000e+01
1.427000000000020918e+00 5.000000000000000000e+00
1.428000000000054115e+00 5.000000000000000000e+00
1.429000000000030468e+00 5.000000000000000000e+00
1.430000000000006821e+00 8.000000000000000000e+00
1.431000000000040018e+00 6.000000000000000000e+00
1.432000000000016371e+00 6.000000000000000000e+00
1.433000000000049567e+00 5.000000000000000000e+00
1.434000000000025921e+00 1.200000000000000000e+01
1.435000000000002274e+00 5.000000000000000000e+00
1.436000000000035470e+00 8.000000000000000000e+00
1.437000000000011823e+00 7.000000000000000000e+00
1.438000000000045020e+00 1.400000000000000000e+01
1.439000000000021373e+00 3.000000000000000000e+00
1.440000000000054570e+00 7.000000000000000000e+00
1.441000000000030923e+00 8.000000000000000000e+00
1.442000000000007276e+00 1.500000000000000000e+01
1.443000000000040473e+00 3.000000000000000000e+00
1.444000000000016826e+00 1.200000000000000000e+01
1.445000000000050022e+00 1.100000000000000000e+01
1.446000000000026375e+00 8.000000000000000000e+00
1.447000000000002728e+00 2.000000000000000000e+00
1.448000000000035925e+00 6.000000000000000000e+00
1.449000000000012278e+00 7.000000000000000000e+00
1.450000000000045475e+00 1.000000000000000000e+01
1.451000000000021828e+00 5.000000000000000000e+00
1.452000000000055024e+00 8.000000000000000000e+00
1.453000000000031378e+00 3.000000000000000000e+00
1.454000000000007731e+00 4.000000000000000000e+00
1.455000000000040927e+00 9.000000000000000000e+00
1.456000000000017280e+00 2.000000000000000000e+00
1.457000000000050477e+00 7.000000000000000000e+00
1.458000000000026830e+00 8.000000000000000000e+00
1.459000000000003183e+00 5.000000000000000000e+00
1.460000000000036380e+00 5.000000000000000000e+00
1.461000000000012733e+00 9.000000000000000000e+00
1.462000000000045929e+00 8.000000000000000000e+00
1.463000000000022283e+00 4.000000000000000000e+00
1.464000000000055479e+00 8.000000000000000000e+00
1.465000000000031832e+00 4.000000000000000000e+00
1.466000000000008185e+00 8.000000000000000000e+00
1.467000000000041382e+00 6.000000000000000000e+00
1.468000000000017735e+00 7.000000000000000000e+00
1.469000000000050932e+00 3.000000000000000000e+00
1.470000000000027285e+00 5.000000000000000000e+00
1.471000000000003638e+00 8.000000000000000000e+00
1.472000000000036835e+00 3.000000000000000000e+00
1.473000000000013188e+00 4.000000000000000000e+00
1.474000000000046384e+00 9.000000000000000000e+00
1.475000000000022737e+00 7.000000000000000000e+00
1.476000000000055934e+00 9.000000000000000000e+00
1.477000000000032287e+00 5.000000000000000000e+00
1.478000000000008640e+00 8.000000000000000000e+00
1.479000000000041837e+00 3.000000000000000000e+00
1.480000000000018190e+00 5.000000000000000000e+00
1.481000000000051386e+00 7.000000000000000000e+00
1.482000000000027740e+00 8.000000000000000000e+00
1.483000000000004093e+00 4.000000000000000000e+00
1.484000000000037289e+00 5.000000000000000000e+00
1.485000000000013642e+00 8.000000000000000000e+00
1.486000000000046839e+00 6.000000000000000000e+00
1.487000000000023192e+00 8.000000000000000000e+00
1.488000000000056389e+00 3.000000000000000000e+00
1.489000000000032742e+00 6.000000000000000000e+00
1.490000000000009095e+00 1.600000000000000000e+01
1.491000000000042292e+00 2.000000000000000000e+00
1.492000000000018645e+00 2.000000000000000000e+00
1.493000000000051841e+00 1.000000000000000000e+01
1.494000000000028194e+00 7.000000000000000000e+00
1.495000000000004547e+00 4.000000000000000000e+00
1.496000000000037744e+00 4.000000000000000000e+00
1.497000000000014097e+00 1.100000000000000000e+01
1.498000000000047294e+00 7.000000000000000000e+00
1.499000000000023647e+00 4.000000000000000000e+00
1.500000000000056843e+00 9.000000000000000000e+00
1.501000000000033197e+00 1.300000000000000000e+01
1.502000000000009550e+00 4.000000000000000000e+00
1.503000000000042746e+00 3.000000000000000000e+00
1.504000000000019099e+00 6.000000000000000000e+00
1.505000000000052296e+00 1.000000000000000000e+01
1.506000000000028649e+00 7.000000000000000000e+00
1.507000000000005002e+00 1.100000000000000000e+01
1.508000000000038199e+00 9.000000000000000000e+00
1.509000000000014552e+00 6.000000000000000000e+00
1.510000000000047748e+00 5.000000000000000000e+00
1.511000000000024102e+00 9.000000000000000000e+00
1.512000000000057298e+00 3.300000000000000000e+01
1.513000000000033651e+00 2.900000000000000000e+01
1.514000000000010004e+00 8.000000000000000000e+00
1.515000000000043201e+00 5.000000000000000000e+00
1.516000000000019554e+00 1.200000000000000000e+01
1.517000000000052751e+00 8.000000000000000000e+00
1.518000000000029104e+00 8.000000000000000000e+00
1.519000000000005457e+00 4.000000000000000000e+00
1.520000000000038654e+00 7.000000000000000000e+00
1.521000000000015007e+00 8.000000000000000000e+00
1.522000000000048203e+00 7.000000000000000000e+00
1.523000000000024556e+00 4.000000000000000000e+00
1.524000000000057753e+00 4.000000000000000000e+00
1.525000000000034106e+00 7.000000000000000000e+00
1.526000000000010459e+00 5.000000000000000000e+00
1.527000000000043656e+00 1.000000000000000000e+01
1.528000000000020009e+00 9.000000000000000000e+00
1.529000000000053205e+00 4.000000000000000000e+00
1.530000000000029559e+00 4.000000000000000000e+00
1.531000000000005912e+00 1.200000000000000000e+01
1.532000000000039108e+00 5.000000000000000000e+00
1.533000000000015461e+00 3.000000000000000000e+00
1.534000000000048658e+00 5.000000000000000000e+00
1.535000000000025011e+00 1.100000000000000000e+01
1.536000000000001364e+00 3.000000000000000000e+00
1.537000000000034561e+00 3.000000000000000000e+00
1.538000000000010914e+00 1.000000000000000000e+01
1.539000000000044110e+00 8.000000000000000000e+00
1.540000000000020464e+00 4.000000000000000000e+00
1.541000000000053660e+00 5.000000000000000000e+00
1.542000000000030013e+00 7.000000000000000000e+00
1.543000000000006366e+00 6.000000000000000000e+00
1.544000000000039563e+00 8.000000000000000000e+00
1.545000000000015916e+00 9.000000000000000000e+00
1.546000000000049113e+00 5.000000000000000000e+00
1.547000000000025466e+00 3.000000000000000000e+00
1.548000000000001819e+00 9.000000000000000000e+00
1.549000000000035016e+00 4.000000000000000000e+00
1.550000000000011369e+00 5.000000000000000000e+00
1.551000000000044565e+00 5.000000000000000000e+00
1.552000000000020918e+00 8.000000000000000000e+00
1.553000000000054115e+00 7.000000000000000000e+00
1.554000000000030468e+00 6.000000000000000000e+00
1.555000000000006821e+00 2.000000000000000000e+00
1.556000000000040018e+00 5.000000000000000000e+00
1.557000000000016371e+00 1.100000000000000000e+01
1.558000000000049567e+00 6.000000000000000000e+00
1.559000000000025921e+00 8.000000000000000000e+00
1.560000000000002274e+00 9.000000000000000000e+00
1.561000000000035470e+00 8.000000000000000000e+00
1.562000000000011823e+00 7.000000000000000000e+00
1.563000000000045020e+00 7.000000000000000000e+00
1.564000000000021373e+00 5.000000000000000000e+00
1.565000000000054570e+00 6.000000000000000000e+00
1.566000000000030923e+00 4.000000000000000000e+00
1.567000000000007276e+00 1.000000000000000000e+01
1.568000000000040473e+00 8.000000000000000000e+00
1.569000000000016826e+00 8.000000000000000000e+00
1.570000000000050022e+00 4.000000000000000000e+00
1.571000000000026375e+00 4.000000000000000000e+00
1.572000000000002728e+00 8.000000000000000000e+00
1.573000000000035925e+00 3.000000000000000000e+00
1.574000000000012278e+00 6.000000000000000000e+00
1.575000000000045475e+00 1.000000000000000000e+01
1.576000000000021828e+00 3.000000000000000000e+00
1.577000000000055024e+00 8.000000000000000000e+00
1.578000000000031378e+00 9.000000000000000000e+00
1.579000000000007731e+00 5.000000000000000000e+00
1.580000000000040927e+00 4.000000000000000000e+00
1.581000000000017280e+00 2.000000000000000000e+00
1.582000000000050477e+00 9.000000000000000000e+00
1.583000000000026830e+00 6.000000000000000000e+00
1.584000000000003183e+00 8.000000000000000000e+00
1.585000000000036380e+00 1.100000000000000000e+01
1.586000000000012733e+00 1.200000000000000000e+01
1.587000000000045929e+00 5.000000000000000000e+00
1.588000000000022283e+00 6.000000000000000000e+00
1.589000000000055479e+00 5.000000000000000000e+00
1.590000000000031832e+00 7.000000000000000000e+00
1.591000000000008185e+00 1.200000000000000000e+01
1.592000000000041382e+00 7.000000000000000000e+00
1.593000000000017735e+00 8.000000000000000000e+00
1.594000000000050932e+00 6.000000000000000000e+00
1.595000000000027285e+00 4.000000000000000000e+00
1.596000000000003638e+00 4.000000000000000000e+00
1.597000000000036835e+00 4.000000000000000000e+00
1.598000000000013188e+00 9.000000000000000000e+00
1.599000000000046384e+00 4.000000000000000000e+00
1.600000000000022737e+00 4.000000000000000000e+00
1.601000000000055934e+00 1.300000000000000000e+01
1.602000000000032287e+00 4.000000000000000000e+00
1.603000000000008640e+00 2.000000000000000000e+00
1.604000000000041837e+00 6.000000000000000000e+00
1.605000000000018190e+00 4.000000000000000000e+00
1.606000000000051386e+00 3.000000000000000000e+00
1.607000000000027740e+00 3.000000000000000000e+00
1.608000000000004093e+00 8.000000000000000000e+00
1.609000000000037289e+00 3.000000000000000000e+00
1.610000000000013642e+00 5.000000000000000000e+00
1.611000000000046839e+00 4.000000000000000000e+00
1.612000000000023192e+00 1.400000000000000000e+01
1.613000000000056389e+00 8.000000000000000000e+00
1.614000000000032742e+00 1.000000000000000000e+00
1.615000000000009095e+00 7.000000000000000000e+00
1.616000000000042292e+00 9.000000000000000000e+00
1.617000000000018645e+00 6.000000000000000000e+00
1.618000000000051841e+00 2.000000000000000000e+00
1.619000000000028194e+00 8.000000000000000000e+00
1.620000000000004547e+00 5.000000000000000000e+00
1.621000000000037744e+00 4.000000000000000000e+00
1.622000000000014097e+00 7.000000000000000000e+00
1.623000000000047294e+00 7.000000000000000000e+00
1.624000000000023647e+00 9.000000000000000000e+00
1.625000000000056843e+00 4.000000000000000000e+00
1.626000000000033197e+00 3.000000000000000000e+00
1.627000000000009550e+00 5.000000000000000000e+00
1.628000000000042746e+00 9.000000000000000000e+00
1.629000000000019099e+00 4.000000000000000000e+00
1.630000000000052296e+00 1.000000000000000000e+00
1.631000000000028649e+00 5.000000000000000000e+00
1.632000000000005002e+00 8.000000000000000000e+00
1.633000000000038199e+00 7.000000000000000000e+00
1.634000000000014552e+00 6.000000000000000000e+00
1.635000000000047748e+00 1.100000000000000000e+01
1.636000000000024102e+00 4.000000000000000000e+00
1.637000000000057298e+00 4.000000000000000000e+00
1.638000000000033651e+00 9.000000000000000000e+00
1.639000000000010004e+00 6.000000000000000000e+00
1.640000000000043201e+00 5.000000000000000000e+00
1.641000000000019554e+00 4.000000000000000000e+00
1.642000000000052751e+00 9.000000000000000000e+00
1.643000000000029104e+00 5.000000000000000000e+00
1.644000000000005457e+00 7.000000000000000000e+00
1.645000000000038654e+00 3.000000000000000000e+00
1.646000000000015007e+00 9.000000000000000000e+00
1.647000000000048203e+00 5.000000000000000000e+00
1.648000000000024556e+00 4.000000000000000000e+00
1.649000000000057753e+00 1.000000000000000000e+01
1.650000000000034106e+00 9.000000000000000000e+00
1.651000000000010459e+00 7.000000000000000000e+00
1.652000000000043656e+00 9.000000000000000000e+00
1.653000000000020009e+00 6.000000000000000000e+00
1.654000000000053205e+00 6.000000000000000000e+00
1.655000000000029559e+00 8.000000000000000000e+00
1.656000000000005912e+00 6.000000000000000000e+00
1.657000000000039108e+00 7.000000000000000000e+00
1.658000000000015461e+00 7.000000000000000000e+00
1.659000000000048658e+00 4.000000000000000000e+00
1.660000000000025011e+00 8.000000000000000000e+00
1.661000000000001364e+00 1.100000000000000000e+01
1.662000000000034561e+00 3.000000000000000000e+00
1.663000000000010914e+00 5.000000000000000000e+00
1.664000000000044110e+00 4.000000000000000000e+00
1.665000000000020464e+00 3.000000000000000000e+00
1.666000000000053660e+00 6.000000000000000000e+00
1.667000000000030013e+00 4.000000000000000000e+00
1.668000000000006366e+00 8.000000000000000000e+00
1.669000000000039563e+00 4.000000000000000000e+00
1.670000000000015916e+00 2.000000000000000000e+00
1.671000000000049113e+00 9.000000000000000000e+00
1.672000000000025466e+00 7.000000000000000000e+00
1.673000000000001819e+00 7.000000000000000000e+00
1.674000000000035016e+00 4.000000000000000000e+00
1.675000000000011369e+00 5.000000000000000000e+00
1.676000000000044565e+00 9.000000000000000000e+00
1.677000000000020918e+00 3.000000000000000000e+00
1.678000000000054115e+00 5.000000000000000000e+00
1.679000000000030468e+00 6.000000000000000000e+00
1.680000000000006821e+00 9.000000000000000000e+00
1.681000000000040018e+00 4.000000000000000000e+00
1.682000000000016371e+00 1.000000000000000000e+01
1.683000000000049567e+00 8.000000000000000000e+00
1.684000000000025921e+00 8.000000000000000000e+00
1.685000000000002274e+00 1.100000000000000000e+01
1.686000000000035470e+00 9.000000000000000000e+00
1.687000000000011823e+00 3.000000000000000000e+00
1.688000000000045020e+00 4.000000000000000000e+00
1.689000000000021373e+00 7.000000000000000000e+00
1.690000000000054570e+00 6.000000000000000000e+00
1.691000000000030923e+00 1.400000000000000000e+01
1.692000000000007276e+00 4.000000000000000000e+00
1.693000000000040473e+00 6.000000000000000000e+00
1.694000000000016826e+00 9.000000000000000000e+00
1.695000000000050022e+00 8.000000000000000000e+00
1.696000000000026375e+00 6.000000000000000000e+00
1.697000000000002728e+00 9.000000000000000000e+00
1.698000000000035925e+00 8.000000000000000000e+00
1.699000000000012278e+00 5.000000000000000000e+00
1.700000000000045475e+00 6.000000000000000000e+00
1.701000000000021828e+00 7.000000000000000000e+00
1.702000000000055024e+00 8.000000000000000000e+00
1.703000000000031378e+00 9.000000000000000000e+00
1.704000000000007731e+00 6.000000000000000000e+00
1.705000000000040927e+00 2.000000000000000000e+00
1.706000000000017280e+00 8.000000000000000000e+00
1.707000000000050477e+00 7.000000000000000000e+00
1.708000000000026830e+00 9.000000000000000000e+00
1.709000000000003183e+00 1.000000000000000000e+01
1.710000000000036380e+00 9.000000000000000000e+00
1.711000000000012733e+00 5.000000000000000000e+00
1.712000000000045929e+00 7.000000000000000000e+00
1.713000000000022283e+00 7.000000000000000000e+00
1.714000000000055479e+00 3.000000000000000000e+00
1.715000000000031832e+00 6.000000000000000000e+00
1.716000000000008185e+00 4.000000000000000000e+00
1.717000000000041382e+00 3.000000000000000000e+00
1.718000000000017735e+00 7.000000000000000000e+00
1.719000000000050932e+00 8.000000000000000000e+00
1.720000000000027285e+00 4.000000000000000000e+00
1.721000000000003638e+00 8.000000000000000000e+00
1.722000000000036835e+00 1.200000000000000000e+01
1.723000000000013188e+00 8.000000000000000000e+00
1.724000000000046384e+00 1.200000000000000000e+01
1.725000000000022737e+00 1.100000000000000000e+01
1.726000000000055934e+00 7.000000000000000000e+00
1.727000000000032287e+00 5.000000000000000000e+00
1.728000000000008640e+00 1.200000000000000000e+01
1.729000000000041837e+00 3.000000000000000000e+00
1.730000000000018190e+00 5.000000000000000000e+00
1.731000000000051386e+00 1.100000000000000000e+01
1.732000000000027740e+00 8.000000000000000000e+00
1.733000000000004093e+00 5.000000000000000000e+00
1.734000000000037289e+00 6.000000000000000000e+00
1.735000000000013642e+00 8.000000000000000000e+00
1.736000000000046839e+00 1.100000000000000000e+01
1.737000000000023192e+00 2.000000000000000000e+00
1.738000000000056389e+00 3.000000000000000000e+00
1.739000000000032742e+00 6.000000000000000000e+00
1.740000000000009095e+00 6.000000000000000000e+00
1.741000000000042292e+00 9.000000000000000000e+00
1.742000000000018645e+00 1.000000000000000000e+01
1.743000000000051841e+00 5.000000000000000000e+00
1.744000000000028194e+00 6.000000000000000000e+00
1.745000000000004547e+00 6.000000000000000000e+00
1.746000000000037744e+00 7.000000000000000000e+00
1.747000000000014097e+00 1.300000000000000000e+01
1.748000000000047294e+00 6.000000000000000000e+00
1.749000000000023647e+00 8.000000000000000000e+00
1.750000000000056843e+00 6.000000000000000000e+00
1.751000000000033197e+00 4.000000000000000000e+00
1.752000000000009550e+00 4.000000000000000000e+00
1.753000000000042746e+00 4.000000000000000000e+00
1.754000000000019099e+00 7.000000000000000000e+00
1.755000000000052296e+00 4.000000000000000000e+00
1.756000000000028649e+00 5.000000000000000000e+00
1.757000000000005002e+00 6.000000000000000000e+00
1.758000000000038199e+00 7.000000000000000000e+00
1.759000000000014552e+00 7.000000000000000000e+00
1.760000000000047748e+00 1.000000000000000000e+01
1.761000000000024102e+00 7.000000000000000000e+00
1.762000000000057298e+00 7.000000000000000000e+00
1.763000000000033651e+00 1.000000000000000000e+00
1.764000000000010004e+00 1.000000000000000000e+01
1.765000000000043201e+00 5.000000000000000000e+00
1.766000000000019554e+00 1.000000000000000000e+01
1.767000000000052751e+00 8.000000000000000000e+00
1.768000000000029104e+00 9.000000000000000000e+00
1.769000000000005457e+00 5.000000000000000000e+00
1.770000000000038654e+00 6.000000000000000000e+00
1.771000000000015007e+00 3.000000000000000000e+00
1.772000000000048203e+00 6.000000000000000000e+00
1.773000000000024556e+00 7.000000000000000000e+00
1.774000000000057753e+00 4.000000000000000000e+00
1.775000000000034106e+00 8.000000000000000000e+00
1.776000000000010459e+00 1.000000000000000000e+01
1.777000000000043656e+00 6.000000000000000000e+00
1.778000000000020009e+00 3.000000000000000000e+00
1.779000000000053205e+00 9.000000000000000000e+00
1.780000000000029559e+00 4.000000000000000000e+00
1.781000000000005912e+00 8.000000000000000000e+00
1.782000000000039108e+00 1.200000000000000000e+01
1.783000000000015461e+00 1.000000000000000000e+01
1.784000000000048658e+00 7.000000000000000000e+00
1.785000000000025011e+00 4.000000000000000000e+00
1.786000000000001364e+00 9.000000000000000000e+00
1.787000000000034561e+00 1.400000000000000000e+01
1.788000000000010914e+00 1.000000000000000000e+01
1.789000000000044110e+00 7.000000000000000000e+00
1.790000000000020464e+00 4.000000000000000000e+00
1.791000000000053660e+00 6.000000000000000000e+00
1.792000000000030013e+00 5.000000000000000000e+00
1.793000000000006366e+00 5.000000000000000000e+00
1.794000000000039563e+00 9.000000000000000000e+00
1.795000000000015916e+00 6.000000000000000000e+00
1.796000000000049113e+00 9.000000000000000000e+00
1.797000000000025466e+00 8.000000000000000000e+00
1.798000000000001819e+00 1.200000000000000000e+01
1.799000000000035016e+00 1.500000000000000000e+01
1.800000000000011369e+00 6.000000000000000000e+00
1.801000000000044565e+00 8.000000000000000000e+00
1.802000000000020918e+00 8.000000000000000000e+00
1.803000000000054115e+00 8.000000000000000000e+00
1.804000000000030468e+00 7.000000000000000000e+00
1.805000000000006821e+00 9.000000000000000000e+00
1.806000000000040018e+00 7.000000000000000000e+00
1.807000000000016371e+00 8.000000000000000000e+00
1.808000000000049567e+00 5.000000000000000000e+00
1.809000000000025921e+00 5.000000000000000000e+00
1.810000000000002274e+00 9.000000000000000000e+00
1.811000000000035470e+00 6.000000000000000000e+00
1.812000000000011823e+00 1.100000000000000000e+01
1.813000000000045020e+00 7.000000000000000000e+00
1.814000000000021373e+00 1.200000000000000000e+01
1.815000000000054570e+00 3.000000000000000000e+00
1.816000000000030923e+00 1.100000000000000000e+01
1.817000000000007276e+00 4.000000000000000000e+00
1.818000000000040473e+00 9.000000000000000000e+00
1.819000000000016826e+00 1.000000000000000000e+01
1.820000000000050022e+00 2.000000000000000000e+00
1.821000000000026375e+00 9.000000000000000000e+00
1.822000000000002728e+00 7.000000000000000000e+00
1.823000000000035925e+00 8.000000000000000000e+00
1.824000000000012278e+00 1.000000000000000000e+01
1.825000000000045475e+00 1.600000000000000000e+01
1.826000000000021828e+00 5.000000000000000000e+00
1.827000000000055024e+00 9.000000000000000000e+00
1.828000000000031378e+00 7.000000000000000000e+00
1.829000000000007731e+00 8.000000000000000000e+00
1.830000000000040927e+00 8.000000000000000000e+00
1.831000000000017280e+00 7.000000000000000000e+00
1.832000000000050477e+00 1.200000000000000000e+01
1.833000000000026830e+00 5.000000000000000000e+00
1.834000000000003183e+00 5.000000000000000000e+00
1.835000000000036380e+00 6.000000000000000000e+00
1.836000000000012733e+00 1.500000000000000000e+01
1.837000000000045929e+00 6.000000000000000000e+00
1.838000000000022283e+00 4.000000000000000000e+00
1.839000000000055479e+00 9.000000000000000000e+00
1.840000000000031832e+00 8.000000000000000000e+00
1.841000000000008185e+00 1.200000000000000000e+01
1.842000000000041382e+00 9.000000000000000000e+00
1.843000000000017735e+00 9.000000000000000000e+00
1.844000000000050932e+00 7.000000000000000000e+00
1.845000000000027285e+00 5.000000000000000000e+00
1.846000000000003638e+00 6.000000000000000000e+00
1.847000000000036835e+00 1.000000000000000000e+01
1.848000000000013188e+00 1.000000000000000000e+01
1.849000000000046384e+00 9.000000000000000000e+00
1.850000000000022737e+00 9.000000000000000000e+00
1.851000000000055934e+00 8.000000000000000000e+00
1.852000000000032287e+00 2.000000000000000000e+00
1.853000000000008640e+00 3.000000000000000000e+00
1.854000000000041837e+00 9.000000000000000000e+00
1.855000000000018190e+00 5.000000000000000000e+00
1.856000000000051386e+00 3.000000000000000000e+00
1.857000000000027740e+00 4.000000000000000000e+00
1.858000000000004093e+00 1.100000000000000000e+01
1.859000000000037289e+00 6.000000000000000000e+00
1.860000000000013642e+00 1.000000000000000000e+01
1.861000000000046839e+00 7.000000000000000000e+00
1.862000000000023192e+00 4.000000000000000000e+00
1.863000000000056389e+00 6.000000000000000000e+00
1.864000000000032742e+00 1.100000000000000000e+01
1.865000000000009095e+00 8.000000000000000000e+00
1.866000000000042292e+00 8.000000000000000000e+00
1.867000000000018645e+00 6.000000000000000000e+00
1.868000000000051841e+00 8.000000000000000000e+00
1.869000000000028194e+00 7.000000000000000000e+00
1.870000000000004547e+00 6.000000000000000000e+00
1.871000000000037744e+00 4.000000000000000000e+00
1.872000000000014097e+00 9.000000000000000000e+00
1.873000000000047294e+00 1.200000000000000000e+01
1.874000000000023647e+00 1.100000000000000000e+01
1.875000000000056843e+00 1.100000000000000000e+01
1.876000000000033197e+00 6.000000000000000000e+00
1.877000000000009550e+00 9.000000000000000000e+00
1.878000000000042746e+00 8.000000000000000000e+00
1.879000000000019099e+00 1.000000000000000000e+01
1.880000000000052296e+00 7.000000000000000000e+00
1.881000000000028649e+00 1.100000000000000000e+01
1.882000000000005002e+00 1.100000000000000000e+01
1.883000000000038199e+00 1.000000000000000000e+01
1.884000000000014552e+00 5.000000000000000000e+00
1.885000000000047748e+00 9.000000000000000000e+00
1.886000000000024102e+00 4.000000000000000000e+00
1.887000000000057298e+00 5.000000000000000000e+00
1.888000000000033651e+00 1.500000000000000000e+01
1.889000000000010004e+00 1.000000000000000000e+01
1.890000000000043201e+00 6.000000000000000000e+00
1.891000000000019554e+00 6.000000000000000000e+00
1.892000000000052751e+00 4.000000000000000000e+00
1.893000000000029104e+00 5.000000000000000000e+00
1.894000000000005457e+00 8.000000000000000000e+00
1.895000000000038654e+00 9.000000000000000000e+00
1.896000000000015007e+00 1.400000000000000000e+01
1.897000000000048203e+00 6.000000000000000000e+00
1.898000000000024556e+00 9.000000000000000000e+00
1.899000000000057753e+00 5.000000000000000000e+00
1.900000000000034106e+00 8.000000000000000000e+00
1.901000000000010459e+00 1.000000000000000000e+01
1.902000000000043656e+00 5.000000000000000000e+00
1.903000000000020009e+00 1.000000000000000000e+01
1.904000000000053205e+00 1.300000000000000000e+01
1.905000000000029559e+00 5.000000000000000000e+00
1.906000000000005912e+00 8.000000000000000000e+00
1.907000000000039108e+00 1.000000000000000000e+01
1.908000000000015461e+00 7.000000000000000000e+00
1.909000000000048658e+00 7.000000000000000000e+00
1.910000000000025011e+00 9.000000000000000000e+00
1.911000000000001364e+00 1.500000000000000000e+01
1.912000000000034561e+00 5.000000000000000000e+00
1.913000000000010914e+00 8.000000000000000000e+00
1.914000000000044110e+00 1.200000000000000000e+01
1.915000000000020464e+00 1.000000000000000000e+01
1.916000000000053660e+00 5.000000000000000000e+00
1.917000000000030013e+00 7.000000000000000000e+00
1.918000000000006366e+00 1.000000000000000000e+01
1.919000000000039563e+00 2.000000000000000000e+00
1.920000000000015916e+00 9.000000000000000000e+00
1.921000000000049113e+00 7.000000000000000000e+00
1.922000000000025466e+00 9.000000000000000000e+00
1.923000000000001819e+00 1.000000000000000000e+00
1.924000000000035016e+00 7.000000000000000000e+00
1.925000000000011369e+00 7.000000000000000000e+00
1.926000000000044565e+00 1.000000000000000000e+01
1.927000000000020918e+00 7.000000000000000000e+00
1.928000000000054115e+00 6.000000000000000000e+00
1.929000000000030468e+00 6.000000000000000000e+00
1.930000000000006821e+00 5.000000000000000000e+00
1.931000000000040018e+00 4.000000000000000000e+00
1.932000000000016371e+00 7.000000000000000000e+00
1.933000000000049567e+00 9.000000000000000000e+00
1.934000000000025921e+00 5.000000000000000000e+00
1.935000000000002274e+00 7.000000000000000000e+00
1.936000000000035470e+00 7.000000000000000000e+00
1.937000000000011823e+00 7.000000000000000000e+00
1.938000000000045020e+00 6.000000000000000000e+00
1.939000000000021373e+00 1.100000000000000000e+01
1.940000000000054570e+00 4.000000000000000000e+00
1.941000000000030923e+00 9.000000000000000000e+00
1.942000000000007276e+00 9.000000000000000000e+00
1.943000000000040473e+00 1.200000000000000000e+01
1.944000000000016826e+00 8.000000000000000000e+00
1.945000000000050022e+00 5.000000000000000000e+00
1.946000000000026375e+00 7.000000000000000000e+00
1.947000000000002728e+00 7.000000000000000000e+00
1.948000000000035925e+00 6.000000000000000000e+00
1.949000000000012278e+00 6.000000000000000000e+00
1.950000000000045475e+00 1.100000000000000000e+01
1.951000000000021828e+00 5.000000000000000000e+00
1.952000000000055024e+00 1.100000000000000000e+01
1.953000000000031378e+00 8.000000000000000000e+00
1.954000000000007731e+00 3.000000000000000000e+00
1.955000000000040927e+00 8.000000000000000000e+00
1.956000000000017280e+00 3.000000000000000000e+00
1.957000000000050477e+00 5.000000000000000000e+00
1.958000000000026830e+00 4.000000000000000000e+00
1.959000000000003183e+00 6.000000000000000000e+00
1.960000000000036380e+00 3.000000000000000000e+00
1.961000000000012733e+00 4.000000000000000000e+00
1.962000000000045929e+00 1.800000000000000000e+01
1.963000000000022283e+00 8.000000000000000000e+00
1.964000000000055479e+00 6.000000000000000000e+00
1.965000000000031832e+00 8.000000000000000000e+00
1.966000000000008185e+00 4.000000000000000000e+00
1.967000000000041382e+00 1.000000000000000000e+01
1.968000000000017735e+00 4.000000000000000000e+00
1.969000000000050932e+00 9.000000000000000000e+00
1.970000000000027285e+00 1.200000000000000000e+01
1.971000000000003638e+00 6.000000000000000000e+00
1.972000000000036835e+00 5.000000000000000000e+00
1.973000000000013188e+00 9.000000000000000000e+00
1.974000000000046384e+00 1.500000000000000000e+01
1.975000000000022737e+00 6.000000000000000000e+00
1.976000000000055934e+00 1.100000000000000000e+01
1.977000000000032287e+00 7.000000000000000000e+00
1.978000000000008640e+00 9.000000000000000000e+00
1.979000000000041837e+00 8.000000000000000000e+00
1.980000000000018190e+00 9.000000000000000000e+00
1.981000000000051386e+00 4.000000000000000000e+00
1.982000000000027740e+00 7.000000000000000000e+00
1.983000000000004093e+00 9.000000000000000000e+00
1.984000000000037289e+00 1.100000000000000000e+01
1.985000000000013642e+00 1.000000000000000000e+01
1.986000000000046839e+00 3.000000000000000000e+00
1.987000000000023192e+00 1.100000000000000000e+01
1.988000000000056389e+00 1.000000000000000000e+01
1.989000000000032742e+00 5.000000000000000000e+00
1.990000000000009095e+00 4.000000000000000000e+00
1.991000000000042292e+00 1.000000000000000000e+01
1.992000000000018645e+00 1.000000000000000000e+01
1.993000000000051841e+00 6.000000000000000000e+00
1.994000000000028194e+00 5.000000000000000000e+00
1.995000000000004547e+00 6.000000000000000000e+00
1.996000000000037744e+00 1.000000000000000000e+01
1.997000000000014097e+00 8.000000000000000000e+00
1.998000000000047294e+00 4.000000000000000000e+00
