-5.500000000000000000e+01 6.147000000000000242e+00 4.329000000000000070e-01
-3.500000000000000000e+01 9.230999999999999872e+00 5.584000000000000075e-01
-1.500000000000000000e+01 1.662999999999999901e+01 7.223000000000000531e-01
-1.000000000000000000e+01 1.796999999999999886e+01 8.267999999999999794e-01
-5.000000000000000000e+00 2.151999999999999957e+01 8.464000000000000412e-01
0.000000000000000000e+00 2.076000000000000156e+01 1.030000000000000027e+00
5.000000000000000000e+00 2.442999999999999972e+01 7.986999999999999655e-01
1.000000000000000000e+01 2.757000000000000028e+01 1.004999999999999893e+00
1.500000000000000000e+01 2.964999999999999858e+01 9.993999999999999551e-01
2.000000000000000000e+01 3.101999999999999957e+01 9.045999999999999597e-01
2.500000000000000000e+01 3.137000000000000099e+01 9.949999999999999956e-01
3.000000000000000000e+01 2.933999999999999986e+01 9.013999999999999790e-01
3.500000000000000000e+01 2.512999999999999901e+01 9.779999999999999805e-01
4.000000000000000000e+01 2.937000000000000099e+01 1.072000000000000064e+00
4.500000000000000000e+01 2.835000000000000142e+01 1.028999999999999915e+00
5.000000000000000000e+01 2.864999999999999858e+01 7.674999999999999600e-01
5.500000000000000000e+01 2.523000000000000043e+01 1.014000000000000012e+00
6.000000000000000000e+01 2.017000000000000171e+01 7.322999999999999510e-01
6.500000000000000000e+01 1.800000000000000000e+01 6.413999999999999702e-01
8.500000000000000000e+01 9.400000000000000355e+00 5.943000000000000504e-01
1.050000000000000000e+02 6.432999999999999829e+00 4.621000000000000107e-01
1.250000000000000000e+02 5.354000000000000092e+00 3.110999999999999877e-01
