-5.500000000000000000e+01 7.617033333333333545e+00 6.102333333333332943e-01
-3.500000000000000000e+01 1.038820000000000121e+01 6.899666666666667281e-01
-1.500000000000000000e+01 1.852430000000000021e+01 9.704666666666666996e-01
-1.000000000000000000e+01 1.950140000000000029e+01 8.396333333333333426e-01
-5.000000000000000000e+00 2.186399999999999721e+01 1.018633333333333280e+00
0.000000000000000000e+00 2.434966666666666768e+01 1.257000000000000117e+00
5.000000000000000000e+00 2.691013333333333080e+01 9.695666666666666877e-01
1.000000000000000000e+01 2.852696666666666658e+01 7.900666666666666949e-01
1.500000000000000000e+01 3.222926666666666762e+01 1.144333333333333202e+00
2.000000000000000000e+01 3.420143333333332691e+01 9.747999999999999998e-01
2.500000000000000000e+01 3.462753333333333217e+01 1.031766666666666721e+00
3.000000000000000000e+01 3.552380000000000138e+01 1.314266666666666472e+00
3.500000000000000000e+01 3.343959999999999866e+01 1.313566666666666549e+00
4.000000000000000000e+01 3.382153333333333478e+01 1.124700000000000033e+00
4.500000000000000000e+01 3.061250000000000071e+01 1.061133333333333262e+00
5.000000000000000000e+01 2.680486666666666551e+01 8.672999999999999599e-01
5.500000000000000000e+01 2.468799999999999883e+01 9.347666666666666346e-01
6.000000000000000000e+01 2.124306666666666743e+01 1.127300000000000191e+00
6.500000000000000000e+01 1.814400000000000190e+01 1.026433333333333309e+00
8.500000000000000000e+01 1.081320000000000014e+01 7.334666666666667112e-01
1.050000000000000000e+02 7.814199999999999591e+00 7.141333333333332867e-01
1.250000000000000000e+02 5.248599999999999710e+00 4.867333333333333512e-01
