0.0583642	5.01354	1.4
0.0584791	5.01524	1.4001
0.0585944	5.01695	1.4002
0.05871	5.01866	1.4003
0.0588259	5.02036	1.4004
0.0589422	5.02207	1.4005
0.0590588	5.02378	1.4006
0.0591758	5.0255	1.4007
0.0592932	5.02721	1.4008
0.0594108	5.02892	1.4009
0.0595289	5.03064	1.401
0.0596473	5.03236	1.4011
0.0597661	5.03407	1.4012
0.0598852	5.03579	1.4013
0.0600047	5.03751	1.4014
0.0601245	5.03923	1.4015
0.0602448	5.04096	1.4016
0.0603653	5.04268	1.4017
0.0604863	5.0444	1.4018
0.0606076	5.04613	1.4019
0.0607293	5.04786	1.402
0.0608513	5.04959	1.4021
0.0609738	5.05131	1.4022
0.0610966	5.05305	1.4023
0.0612198	5.05478	1.4024
0.0613433	5.05651	1.4025
0.0614673	5.05824	1.4026
0.0615916	5.05998	1.4027
0.0617163	5.06172	1.4028
0.0618414	5.06345	1.4029
0.0619669	5.06519	1.403
0.0620927	5.06693	1.4031
0.062219	5.06868	1.4032
0.0623456	5.07042	1.4033
0.0624727	5.07216	1.4034
0.0626001	5.07391	1.4035
0.0627279	5.07566	1.4036
0.0628561	5.07741	1.4037
0.0629848	5.07915	1.4038
0.0631138	5.08091	1.4039
0.0632432	5.08266	1.404
0.063373	5.08441	1.4041
0.0635033	5.08617	1.4042
0.0636339	5.08792	1.4043
0.0637649	5.08968	1.4044
0.0638964	5.09144	1.4045
0.0640283	5.0932	1.4046
0.0641606	5.09496	1.4047
0.0642933	5.09673	1.4048
0.0644264	5.09849	1.4049
0.0645599	5.10026	1.405
0.0646939	5.10202	1.4051
0.0648282	5.10379	1.4052
0.064963	5.10556	1.4053
0.0650983	5.10733	1.4054
0.0652339	5.10911	1.4055
0.06537	5.11088	1.4056
0.0655065	5.11266	1.4057
0.0656435	5.11444	1.4058
0.0657809	5.11622	1.4059
0.0659187	5.118	1.406
0.066057	5.11978	1.4061
0.0661957	5.12156	1.4062
0.0663348	5.12335	1.4063
0.0664744	5.12513	1.4064
0.0666145	5.12692	1.4065
0.066755	5.12871	1.4066
0.0668959	5.1305	1.4067
0.0670373	5.1323	1.4068
0.0671791	5.13409	1.4069
0.0673214	5.13589	1.407
0.0674642	5.13768	1.4071
0.0676074	5.13948	1.4072
0.0677511	5.14128	1.4073
0.0678952	5.14309	1.4074
0.0680398	5.14489	1.4075
0.0681849	5.14669	1.4076
0.0683305	5.1485	1.4077
0.0684765	5.15031	1.4078
0.068623	5.15212	1.4079
0.06877	5.15393	1.408
0.0689174	5.15575	1.4081
0.0690653	5.15756	1.4082
0.0692137	5.15938	1.4083
0.0693626	5.1612	1.4084
0.069512	5.16302	1.4085
0.0696619	5.16484	1.4086
0.0698123	5.16667	1.4087
0.0699631	5.16849	1.4088
0.0701145	5.17032	1.4089
0.0702663	5.17215	1.409
0.0704187	5.17398	1.4091
0.0705715	5.17581	1.4092
0.0707249	5.17765	1.4093
0.0708787	5.17949	1.4094
0.0710331	5.18133	1.4095
0.071188	5.18317	1.4096
0.0713434	5.18501	1.4097
0.0714993	5.18685	1.4098
0.0716557	5.1887	1.4099
0.0718126	5.19055	1.41
0.0719701	5.1924	1.4101
0.0721281	5.19425	1.4102
0.0722866	5.1961	1.4103
0.0724457	5.19796	1.4104
0.0726052	5.19981	1.4105
0.0727654	5.20167	1.4106
0.072926	5.20353	1.4107
0.0730872	5.2054	1.4108
0.0732489	5.20726	1.4109
0.0734112	5.20913	1.411
0.073574	5.211	1.4111
0.0737374	5.21287	1.4112
0.0739013	5.21474	1.4113
0.0740657	5.21662	1.4114
0.0742308	5.2185	1.4115
0.0743963	5.22038	1.4116
0.0745625	5.22226	1.4117
0.0747292	5.22414	1.4118
0.0748965	5.22603	1.4119
0.0750643	5.22791	1.412
0.0752327	5.2298	1.4121
0.0754017	5.2317	1.4122
0.0755713	5.23359	1.4123
0.0757414	5.23549	1.4124
0.0759121	5.23739	1.4125
0.0760834	5.23929	1.4126
0.0762553	5.24119	1.4127
0.0764278	5.24309	1.4128
0.0766008	5.245	1.4129
0.0767745	5.24691	1.413
0.0769488	5.24882	1.4131
0.0771236	5.25074	1.4132
0.0772991	5.25265	1.4133
0.0774752	5.25457	1.4134
0.0776519	5.25649	1.4135
0.0778291	5.25842	1.4136
0.078007	5.26034	1.4137
0.0781856	5.26227	1.4138
0.0783647	5.2642	1.4139
0.0785445	5.26613	1.414
0.0787249	5.26807	1.4141
0.0789059	5.27001	1.4142
0.0790875	5.27195	1.4143
0.0792698	5.27389	1.4144
0.0794527	5.27583	1.4145
0.0796363	5.27778	1.4146
0.0798205	5.27973	1.4147
0.0800053	5.28168	1.4148
0.0801908	5.28364	1.4149
0.080377	5.2856	1.415
0.0805638	5.28756	1.4151
0.0807513	5.28952	1.4152
0.0809394	5.29148	1.4153
0.0811282	5.29345	1.4154
0.0813176	5.29542	1.4155
0.0815078	5.2974	1.4156
0.0816986	5.29937	1.4157
0.0818901	5.30135	1.4158
0.0820822	5.30333	1.4159
0.0822751	5.30531	1.416
0.0824686	5.3073	1.4161
0.0826628	5.30929	1.4162
0.0828577	5.31128	1.4163
0.0830533	5.31328	1.4164
0.0832496	5.31527	1.4165
0.0834467	5.31727	1.4166
0.0836444	5.31928	1.4167
0.0838428	5.32128	1.4168
0.084042	5.32329	1.4169
0.0842418	5.3253	1.417
0.0844424	5.32732	1.4171
0.0846437	5.32933	1.4172
0.0848457	5.33135	1.4173
0.0850485	5.33338	1.4174
0.085252	5.3354	1.4175
0.0854562	5.33743	1.4176
0.0856612	5.33946	1.4177
0.0858669	5.3415	1.4178
0.0860734	5.34354	1.4179
0.0862806	5.34558	1.418
0.0864886	5.34762	1.4181
0.0866974	5.34967	1.4182
0.0869069	5.35172	1.4183
0.0871171	5.35377	1.4184
0.0873282	5.35583	1.4185
0.08754	5.35789	1.4186
0.0877526	5.35995	1.4187
0.087966	5.36202	1.4188
0.0881801	5.36408	1.4189
0.0883951	5.36616	1.419
0.0886108	5.36823	1.4191
0.0888274	5.37031	1.4192
0.0890447	5.37239	1.4193
0.0892628	5.37448	1.4194
0.0894818	5.37657	1.4195
0.0897016	5.37866	1.4196
0.0899222	5.38076	1.4197
0.0901436	5.38285	1.4198
0.0903658	5.38496	1.4199
0.0905889	5.38706	1.42
0.0908128	5.38917	1.4201
0.0910375	5.39128	1.4202
0.0912631	5.3934	1.4203
0.0914895	5.39552	1.4204
0.0917168	5.39764	1.4205
0.0919449	5.39977	1.4206
0.0921739	5.4019	1.4207
0.0924038	5.40403	1.4208
0.0926345	5.40617	1.4209
0.0928661	5.40831	1.421
0.0930986	5.41046	1.4211
0.0933319	5.41261	1.4212
0.0935662	5.41476	1.4213
0.0938013	5.41692	1.4214
0.0940373	5.41908	1.4215
0.0942743	5.42124	1.4216
0.0945121	5.42341	1.4217
0.0947508	5.42558	1.4218
0.0949905	5.42775	1.4219
0.095231	5.42993	1.422
0.0954725	5.43212	1.4221
0.0957149	5.4343	1.4222
0.0959583	5.43649	1.4223
0.0962026	5.43869	1.4224
0.0964478	5.44089	1.4225
0.0966939	5.44309	1.4226
0.0969411	5.4453	1.4227
0.0971891	5.44751	1.4228
0.0974382	5.44972	1.4229
0.0976882	5.45194	1.423
0.0979392	5.45417	1.4231
0.0981911	5.45639	1.4232
0.098444	5.45863	1.4233
0.0986979	5.46086	1.4234
0.0989529	5.4631	1.4235
0.0992088	5.46535	1.4236
0.0994657	5.4676	1.4237
0.0997236	5.46985	1.4238
0.0999825	5.47211	1.4239
0.100242	5.47437	1.424
0.100503	5.47664	1.4241
0.100765	5.47891	1.4242
0.101028	5.48118	1.4243
0.101292	5.48346	1.4244
0.101558	5.48575	1.4245
0.101824	5.48804	1.4246
0.102091	5.49033	1.4247
0.102359	5.49263	1.4248
0.102629	5.49493	1.4249
0.102899	5.49724	1.425
0.10317	5.49955	1.4251
0.103443	5.50187	1.4252
0.103717	5.50419	1.4253
0.103991	5.50652	1.4254
0.104267	5.50885	1.4255
0.104544	5.51119	1.4256
0.104822	5.51353	1.4257
0.105101	5.51587	1.4258
0.105382	5.51822	1.4259
0.105663	5.52058	1.426
0.105946	5.52294	1.4261
0.10623	5.52531	1.4262
0.106514	5.52768	1.4263
0.1068	5.53006	1.4264
0.107088	5.53244	1.4265
0.107376	5.53483	1.4266
0.107666	5.53722	1.4267
0.107956	5.53962	1.4268
0.108248	5.54202	1.4269
0.108541	5.54443	1.427
0.108836	5.54684	1.4271
0.109131	5.54926	1.4272
0.109428	5.55168	1.4273
0.109726	5.55411	1.4274
0.110025	5.55655	1.4275
0.110325	5.55899	1.4276
0.110627	5.56144	1.4277
0.11093	5.56389	1.4278
0.111234	5.56634	1.4279
0.111539	5.56881	1.428
0.111846	5.57128	1.4281
0.112154	5.57375	1.4282
0.112463	5.57623	1.4283
0.112774	5.57872	1.4284
0.113085	5.58121	1.4285
0.113398	5.58371	1.4286
0.113713	5.58621	1.4287
0.114029	5.58872	1.4288
0.114346	5.59124	1.4289
0.114664	5.59376	1.429
0.114984	5.59629	1.4291
0.115305	5.59882	1.4292
0.115627	5.60136	1.4293
0.115951	5.60391	1.4294
0.116276	5.60646	1.4295
0.116603	5.60902	1.4296
0.116931	5.61159	1.4297
0.11726	5.61416	1.4298
0.117591	5.61674	1.4299
0.117923	5.61932	1.43
0.118256	5.62192	1.4301
0.118591	5.62451	1.4302
0.118928	5.62712	1.4303
0.119266	5.62973	1.4304
0.119605	5.63235	1.4305
0.119946	5.63497	1.4306
0.120288	5.6376	1.4307
0.120632	5.64024	1.4308
0.120977	5.64289	1.4309
0.121323	5.64554	1.431
0.121672	5.6482	1.4311
0.122021	5.65086	1.4312
0.122372	5.65353	1.4313
0.122725	5.65621	1.4314
0.123079	5.6589	1.4315
0.123435	5.66159	1.4316
0.123793	5.6643	1.4317
0.124151	5.667	1.4318
0.124512	5.66972	1.4319
0.124874	5.67244	1.432
0.125238	5.67517	1.4321
0.125603	5.67791	1.4322
0.12597	5.68066	1.4323
0.126338	5.68341	1.4324
0.126708	5.68617	1.4325
0.12708	5.68894	1.4326
0.127454	5.69171	1.4327
0.127829	5.6945	1.4328
0.128205	5.69729	1.4329
0.128584	5.70009	1.433
0.128964	5.7029	1.4331
0.129346	5.70571	1.4332
0.129729	5.70853	1.4333
0.130114	5.71137	1.4334
0.130501	5.71421	1.4335
0.13089	5.71705	1.4336
0.13128	5.71991	1.4337
0.131672	5.72277	1.4338
0.132066	5.72564	1.4339
0.132462	5.72852	1.434
0.132859	5.73141	1.4341
0.133259	5.73431	1.4342
0.13366	5.73722	1.4343
0.134063	5.74013	1.4344
0.134468	5.74306	1.4345
0.134874	5.74599	1.4346
0.135283	5.74893	1.4347
0.135693	5.75188	1.4348
0.136105	5.75484	1.4349
0.136519	5.7578	1.435
0.136935	5.76078	1.4351
0.137353	5.76377	1.4352
0.137773	5.76676	1.4353
0.138195	5.76976	1.4354
0.138619	5.77278	1.4355
0.139044	5.7758	1.4356
0.139472	5.77883	1.4357
0.139902	5.78187	1.4358
0.140333	5.78492	1.4359
0.140767	5.78798	1.436
0.141202	5.79105	1.4361
0.14164	5.79413	1.4362
0.14208	5.79722	1.4363
0.142522	5.80032	1.4364
0.142966	5.80343	1.4365
0.143412	5.80655	1.4366
0.14386	5.80968	1.4367
0.14431	5.81282	1.4368
0.144762	5.81596	1.4369
0.145217	5.81912	1.437
0.145673	5.82229	1.4371
0.146132	5.82547	1.4372
0.146593	5.82866	1.4373
0.147056	5.83186	1.4374
0.147521	5.83508	1.4375
0.147989	5.8383	1.4376
0.148459	5.84153	1.4377
0.148931	5.84477	1.4378
0.149405	5.84803	1.4379
0.149882	5.85129	1.438
0.15036	5.85457	1.4381
0.150842	5.85786	1.4382
0.151325	5.86115	1.4383
0.151811	5.86446	1.4384
0.152299	5.86778	1.4385
0.15279	5.87112	1.4386
0.153283	5.87446	1.4387
0.153778	5.87782	1.4388
0.154276	5.88118	1.4389
0.154776	5.88456	1.439
0.155279	5.88795	1.4391
0.155784	5.89135	1.4392
0.156291	5.89477	1.4393
0.156801	5.89819	1.4394
0.157314	5.90163	1.4395
0.157829	5.90508	1.4396
0.158346	5.90854	1.4397
0.158867	5.91202	1.4398
0.159389	5.9155	1.4399
0.159915	5.919	1.44
0.160443	5.92252	1.4401
0.160973	5.92604	1.4402
0.161507	5.92958	1.4403
0.162043	5.93313	1.4404
0.162581	5.93669	1.4405
0.163122	5.94027	1.4406
0.163666	5.94386	1.4407
0.164213	5.94746	1.4408
0.164763	5.95108	1.4409
0.165315	5.9547	1.441
0.16587	5.95835	1.4411
0.166428	5.962	1.4412
0.166988	5.96567	1.4413
0.167552	5.96936	1.4414
0.168118	5.97305	1.4415
0.168688	5.97676	1.4416
0.16926	5.98049	1.4417
0.169835	5.98423	1.4418
0.170413	5.98798	1.4419
0.170994	5.99175	1.442
0.171578	5.99553	1.4421
0.172165	5.99933	1.4422
0.172755	6.00314	1.4423
0.173348	6.00697	1.4424
0.173944	6.01081	1.4425
0.174543	6.01466	1.4426
0.175146	6.01853	1.4427
0.175751	6.02242	1.4428
0.17636	6.02632	1.4429
0.176972	6.03024	1.443
0.177587	6.03417	1.4431
0.178205	6.03812	1.4432
0.178826	6.04208	1.4433
0.179451	6.04606	1.4434
0.180079	6.05005	1.4435
0.18071	6.05406	1.4436
0.181345	6.05809	1.4437
0.181983	6.06213	1.4438
0.182624	6.06619	1.4439
0.183269	6.07027	1.444
0.183917	6.07436	1.4441
0.184569	6.07847	1.4442
0.185224	6.0826	1.4443
0.185883	6.08674	1.4444
0.186545	6.0909	1.4445
0.187211	6.09508	1.4446
0.18788	6.09927	1.4447
0.188553	6.10348	1.4448
0.189229	6.10771	1.4449
0.189909	6.11196	1.445
0.190593	6.11622	1.4451
0.191281	6.1205	1.4452
0.191972	6.1248	1.4453
0.192667	6.12912	1.4454
0.193366	6.13346	1.4455
0.194069	6.13781	1.4456
0.194775	6.14218	1.4457
0.195486	6.14658	1.4458
0.1962	6.15099	1.4459
0.196918	6.15542	1.446
0.19764	6.15987	1.4461
0.198367	6.16433	1.4462
0.199097	6.16882	1.4463
0.199831	6.17333	1.4464
0.200569	6.17785	1.4465
0.201312	6.1824	1.4466
0.202058	6.18697	1.4467
0.202809	6.19155	1.4468
0.203564	6.19616	1.4469
0.204323	6.20078	1.447
0.205086	6.20543	1.4471
0.205854	6.2101	1.4472
0.206626	6.21479	1.4473
0.207402	6.2195	1.4474
0.208183	6.22423	1.4475
0.208968	6.22898	1.4476
0.209758	6.23375	1.4477
0.210552	6.23854	1.4478
0.211351	6.24336	1.4479
0.212154	6.2482	1.448
0.212962	6.25306	1.4481
0.213774	6.25794	1.4482
0.214591	6.26284	1.4483
0.215413	6.26777	1.4484
0.216239	6.27272	1.4485
0.217071	6.27769	1.4486
0.217907	6.28269	1.4487
0.218748	6.28771	1.4488
0.219594	6.29275	1.4489
0.220444	6.29781	1.449
0.2213	6.3029	1.4491
0.222161	6.30801	1.4492
0.223026	6.31315	1.4493
0.223897	6.31831	1.4494
0.224773	6.3235	1.4495
0.225654	6.32871	1.4496
0.226541	6.33394	1.4497
0.227432	6.3392	1.4498
0.228329	6.34449	1.4499
0.229231	6.3498	1.45
0.230138	6.35513	1.4501
0.231051	6.36049	1.4502
0.231969	6.36588	1.4503
0.232893	6.37129	1.4504
0.233823	6.37673	1.4505
0.234757	6.3822	1.4506
0.235698	6.38769	1.4507
0.236644	6.39321	1.4508
0.237596	6.39876	1.4509
0.238554	6.40433	1.451
0.239517	6.40994	1.4511
0.240486	6.41556	1.4512
0.241462	6.42122	1.4513
0.242443	6.42691	1.4514
0.24343	6.43262	1.4515
0.244423	6.43836	1.4516
0.245422	6.44414	1.4517
0.246428	6.44994	1.4518
0.247439	6.45577	1.4519
0.248457	6.46163	1.452
0.249481	6.46751	1.4521
0.250512	6.47343	1.4522
0.251549	6.47938	1.4523
0.252592	6.48536	1.4524
0.253642	6.49137	1.4525
0.254698	6.49741	1.4526
0.255761	6.50349	1.4527
0.256831	6.50959	1.4528
0.257907	6.51573	1.4529
0.25899	6.52189	1.453
0.26008	6.52809	1.4531
0.261177	6.53433	1.4532
0.262281	6.54059	1.4533
0.263392	6.54689	1.4534
0.26451	6.55322	1.4535
0.265635	6.55959	1.4536
0.266767	6.56598	1.4537
0.267907	6.57242	1.4538
0.269054	6.57888	1.4539
0.270208	6.58539	1.454
0.271369	6.59192	1.4541
0.272538	6.59849	1.4542
0.273715	6.6051	1.4543
0.2749	6.61175	1.4544
0.276092	6.61842	1.4545
0.277291	6.62514	1.4546
0.278499	6.63189	1.4547
0.279714	6.63868	1.4548
0.280938	6.64551	1.4549
0.282169	6.65237	1.455
0.283409	6.65928	1.4551
0.284657	6.66622	1.4552
0.285913	6.6732	1.4553
0.287177	6.68022	1.4554
0.28845	6.68727	1.4555
0.289731	6.69437	1.4556
0.291021	6.70151	1.4557
0.29232	6.70869	1.4558
0.293627	6.71591	1.4559
0.294943	6.72317	1.456
0.296267	6.73047	1.4561
0.297601	6.73781	1.4562
0.298944	6.74519	1.4563
0.300296	6.75262	1.4564
0.301657	6.76009	1.4565
0.303027	6.76761	1.4566
0.304406	6.77516	1.4567
0.305795	6.78276	1.4568
0.307194	6.79041	1.4569
0.308602	6.7981	1.457
0.31002	6.80584	1.4571
0.311447	6.81362	1.4572
0.312885	6.82145	1.4573
0.314332	6.82932	1.4574
0.31579	6.83724	1.4575
0.317257	6.84521	1.4576
0.318735	6.85323	1.4577
0.320223	6.86129	1.4578
0.321722	6.86941	1.4579
0.323231	6.87757	1.458
0.324751	6.88578	1.4581
0.326281	6.89405	1.4582
0.327823	6.90236	1.4583
0.329375	6.91073	1.4584
0.330938	6.91914	1.4585
0.332513	6.92761	1.4586
0.334098	6.93613	1.4587
0.335695	6.94471	1.4588
0.337304	6.95333	1.4589
0.338924	6.96202	1.459
0.340555	6.97075	1.4591
0.342199	6.97955	1.4592
0.343854	6.98839	1.4593
0.345521	6.9973	1.4594
0.347201	7.00626	1.4595
0.348893	7.01528	1.4596
0.350597	7.02435	1.4597
0.352313	7.03349	1.4598
0.354042	7.04269	1.4599
0.355784	7.05194	1.46
0.357539	7.06126	1.4601
0.359307	7.07063	1.4602
0.361088	7.08007	1.4603
0.362882	7.08957	1.4604
0.364689	7.09914	1.4605
0.36651	7.10876	1.4606
0.368345	7.11845	1.4607
0.370193	7.12821	1.4608
0.372055	7.13804	1.4609
0.373932	7.14792	1.461
0.375822	7.15788	1.4611
0.377727	7.16791	1.4612
0.379646	7.178	1.4613
0.38158	7.18816	1.4614
0.383529	7.1984	1.4615
0.385493	7.2087	1.4616
0.387471	7.21908	1.4617
0.389465	7.22953	1.4618
0.391474	7.24005	1.4619
0.393499	7.25065	1.462
0.39554	7.26132	1.4621
0.397596	7.27207	1.4622
0.399669	7.28289	1.4623
0.401757	7.29379	1.4624
0.403862	7.30477	1.4625
0.405984	7.31583	1.4626
0.408122	7.32697	1.4627
0.410277	7.3382	1.4628
0.412449	7.3495	1.4629
0.414638	7.36089	1.463
0.416845	7.37236	1.4631
0.419069	7.38392	1.4632
0.421312	7.39557	1.4633
0.423572	7.4073	1.4634
0.42585	7.41912	1.4635
0.428147	7.43103	1.4636
0.430462	7.44303	1.4637
0.432796	7.45512	1.4638
0.435149	7.46731	1.4639
0.437521	7.47959	1.464
0.439912	7.49196	1.4641
0.442323	7.50443	1.4642
0.444754	7.517	1.4643
0.447205	7.52967	1.4644
0.449676	7.54244	1.4645
0.452167	7.55531	1.4646
0.454679	7.56828	1.4647
0.457212	7.58136	1.4648
0.459766	7.59454	1.4649
0.462342	7.60783	1.465
0.464939	7.62123	1.4651
0.467558	7.63473	1.4652
0.470199	7.64835	1.4653
0.472862	7.66208	1.4654
0.475548	7.67593	1.4655
0.478257	7.68989	1.4656
0.480989	7.70397	1.4657
0.483744	7.71816	1.4658
0.486523	7.73248	1.4659
0.489326	7.74692	1.466
0.492153	7.76149	1.4661
0.495004	7.77618	1.4662
0.49788	7.79099	1.4663
0.500781	7.80594	1.4664
0.503708	7.82102	1.4665
0.50666	7.83622	1.4666
0.509637	7.85157	1.4667
0.512641	7.86705	1.4668
0.515672	7.88267	1.4669
0.518729	7.89843	1.467
0.521814	7.91433	1.4671
0.524926	7.93038	1.4672
0.528065	7.94657	1.4673
0.531233	7.96292	1.4674
0.534429	7.97941	1.4675
0.537654	7.99606	1.4676
0.540908	8.01286	1.4677
0.544191	8.02982	1.4678
0.547505	8.04694	1.4679
0.550848	8.06422	1.468
0.554222	8.08167	1.4681
0.557627	8.09929	1.4682
0.561063	8.11708	1.4683
0.564531	8.13503	1.4684
0.568031	8.15317	1.4685
0.571563	8.17148	1.4686
0.575128	8.18997	1.4687
0.578726	8.20865	1.4688
0.582358	8.22752	1.4689
0.586024	8.24657	1.469
0.589725	8.26581	1.4691
0.59346	8.28525	1.4692
0.597231	8.30489	1.4693
0.601037	8.32474	1.4694
0.60488	8.34478	1.4695
0.60876	8.36503	1.4696
0.612677	8.3855	1.4697
0.616631	8.40618	1.4698
0.620623	8.42708	1.4699
0.624655	8.4482	1.47
0.628725	8.46954	1.4701
0.632835	8.49112	1.4702
0.636984	8.51293	1.4703
0.641175	8.53497	1.4704
0.645407	8.55726	1.4705
0.64968	8.57978	1.4706
0.653996	8.60256	1.4707
0.658354	8.62559	1.4708
0.662756	8.64888	1.4709
0.667202	8.67243	1.471
0.671692	8.69624	1.4711
0.676228	8.72032	1.4712
0.680809	8.74468	1.4713
0.685436	8.76931	1.4714
0.690111	8.79423	1.4715
0.694832	8.81944	1.4716
0.699603	8.84494	1.4717
0.704422	8.87074	1.4718
0.70929	8.89684	1.4719
0.714209	8.92325	1.472
0.719178	8.94998	1.4721
0.7242	8.97702	1.4722
0.729273	9.00439	1.4723
0.734399	9.03208	1.4724
0.73958	9.06012	1.4725
0.744814	9.08849	1.4726
0.750104	9.11721	1.4727
0.75545	9.14628	1.4728
0.760853	9.17572	1.4729
0.766313	9.20551	1.473
0.771832	9.23568	1.4731
0.77741	9.26623	1.4732
0.783048	9.29716	1.4733
0.788747	9.32848	1.4734
0.794508	9.36019	1.4735
0.800331	9.39231	1.4736
0.806218	9.42485	1.4737
0.81217	9.4578	1.4738
0.818187	9.49117	1.4739
0.82427	9.52498	1.474
0.830421	9.55923	1.4741
0.83664	9.59392	1.4742
0.842929	9.62907	1.4743
0.849288	9.66468	1.4744
0.855718	9.70077	1.4745
0.862221	9.73733	1.4746
0.868797	9.77437	1.4747
0.875448	9.81191	1.4748
0.882175	9.84995	1.4749
0.888979	9.88851	1.475
0.89586	9.92758	1.4751
0.902821	9.96718	1.4752
0.909863	10.0073	1.4753
0.916986	10.048	1.4754
0.924192	10.0892	1.4755
0.931482	10.131	1.4756
0.938858	10.1734	1.4757
0.946321	10.2164	1.4758
0.953872	10.2599	1.4759
0.961512	10.304	1.476
0.969244	10.3488	1.4761
0.977068	10.3942	1.4762
0.984985	10.4402	1.4763
0.992998	10.4868	1.4764
1.00111	10.5341	1.4765
1.00932	10.582	1.4766
1.01762	10.6307	1.4767
1.02603	10.6799	1.4768
1.03455	10.7299	1.4769
1.04317	10.7806	1.477
1.05189	10.832	1.4771
1.06072	10.8841	1.4772
1.06967	10.9369	1.4773
1.07872	10.9905	1.4774
1.08789	11.0448	1.4775
1.09717	11.0998	1.4776
1.10658	11.1557	1.4777
1.1161	11.2123	1.4778
1.12574	11.2697	1.4779
1.13551	11.3279	1.478
1.1454	11.3869	1.4781
1.15542	11.4467	1.4782
1.16557	11.5073	1.4783
1.17585	11.5688	1.4784
1.18626	11.6311	1.4785
1.19682	11.6943	1.4786
1.20751	11.7584	1.4787
1.21834	11.8233	1.4788
1.22932	11.8891	1.4789
1.24044	11.9558	1.479
1.25172	12.0233	1.4791
1.26314	12.0918	1.4792
1.27472	12.1612	1.4793
1.28646	12.2316	1.4794
1.29835	12.3028	1.4795
1.31041	12.375	1.4796
1.32263	12.4482	1.4797
1.33503	12.5223	1.4798
1.34759	12.5974	1.4799
1.36033	12.6734	1.48
1.37325	12.7504	1.4801
1.38635	12.8284	1.4802
1.39963	12.9074	1.4803
1.4131	12.9874	1.4804
1.42676	13.0683	1.4805
1.44062	13.1503	1.4806
1.45467	13.2333	1.4807
1.46893	13.3173	1.4808
1.4834	13.4023	1.4809
1.49807	13.4884	1.481
1.51296	13.5755	1.4811
1.52807	13.6636	1.4812
1.5434	13.7527	1.4813
1.55895	13.843	1.4814
1.57474	13.9342	1.4815
1.59076	14.0265	1.4816
1.60702	14.1199	1.4817
1.62353	14.2144	1.4818
1.64029	14.3099	1.4819
1.6573	14.4065	1.482
1.67457	14.5042	1.4821
1.69211	14.603	1.4822
1.70991	14.7029	1.4823
1.72799	14.8039	1.4824
1.74636	14.906	1.4825
1.76501	15.0093	1.4826
1.78395	15.1137	1.4827
1.80319	15.2193	1.4828
1.82273	15.326	1.4829
1.84259	15.4339	1.483
1.86276	15.543	1.4831
1.88326	15.6533	1.4832
1.90408	15.7649	1.4833
1.92525	15.8777	1.4834
1.94676	15.9917	1.4835
1.96862	16.1071	1.4836
1.99084	16.2237	1.4837
2.01343	16.3417	1.4838
2.03639	16.4611	1.4839
2.05974	16.5818	1.484
2.08347	16.7039	1.4841
2.10761	16.8275	1.4842
2.13215	16.9526	1.4843
2.15712	17.0792	1.4844
2.18251	17.2073	1.4845
2.20833	17.3369	1.4846
2.2346	17.4682	1.4847
2.26133	17.6011	1.4848
2.28852	17.7357	1.4849
2.31619	17.872	1.485
2.34434	18.0101	1.4851
2.373	18.1499	1.4852
2.40216	18.2916	1.4853
2.43184	18.4351	1.4854
2.46206	18.5804	1.4855
2.49282	18.7277	1.4856
2.52414	18.8769	1.4857
2.55603	19.0281	1.4858
2.58851	19.1812	1.4859
2.62158	19.3364	1.486
2.65526	19.4935	1.4861
2.68957	19.6527	1.4862
2.72453	19.8139	1.4863
2.76013	19.9771	1.4864
2.79641	20.1424	1.4865
2.83338	20.3096	1.4866
2.87106	20.4789	1.4867
2.90946	20.65	1.4868
2.94859	20.8231	1.4869
2.98849	20.9981	1.487
3.02916	21.1748	1.4871
3.07062	21.3533	1.4872
3.11291	21.5335	1.4873
3.15602	21.7153	1.4874
3.2	21.8985	1.4875
3.24485	22.0832	1.4876
3.2906	22.2691	1.4877
3.33728	22.4563	1.4878
3.3849	22.6445	1.4879
3.43349	22.8336	1.488
3.48308	23.0234	1.4881
3.53369	23.2139	1.4882
3.58534	23.4049	1.4883
3.63807	23.5963	1.4884
3.6919	23.7878	1.4885
3.74686	23.9794	1.4886
3.80298	24.1709	1.4887
3.86029	24.3621	1.4888
3.91883	24.553	1.4889
3.97861	24.7433	1.489
4.03969	24.933	1.4891
4.10208	25.1219	1.4892
4.16584	25.3101	1.4893
4.23098	25.4973	1.4894
4.29756	25.6835	1.4895
4.3656	25.8687	1.4896
4.43515	26.0529	1.4897
4.50625	26.236	1.4898
4.57893	26.418	1.4899
4.65326	26.5991	1.49
4.72925	26.7792	1.4901
4.80697	26.9584	1.4902
4.88647	27.1369	1.4903
4.96777	27.3147	1.4904
5.05095	27.492	1.4905
5.13605	27.6689	1.4906
5.22311	27.8456	1.4907
5.3122	28.0222	1.4908
5.40337	28.199	1.4909
5.49668	28.376	1.491
5.59218	28.5536	1.4911
5.68994	28.7318	1.4912
5.79001	28.9109	1.4913
5.89246	29.0911	1.4914
5.99736	29.2724	1.4915
6.10476	29.4551	1.4916
6.21475	29.6393	1.4917
6.32738	29.8251	1.4918
6.44273	30.0126	1.4919
6.56088	30.2019	1.492
6.68189	30.393	1.4921
6.80584	30.5859	1.4922
6.93281	30.7806	1.4923
7.06288	30.9772	1.4924
7.19612	31.1754	1.4925
7.33263	31.3752	1.4926
7.47248	31.5764	1.4927
7.61575	31.779	1.4928
7.76254	31.9826	1.4929
7.91293	32.1871	1.493
8.067	32.3921	1.4931
8.22485	32.5975	1.4932
8.38655	32.8029	1.4933
8.55221	33.0079	1.4934
8.7219	33.2123	1.4935
8.89572	33.4156	1.4936
9.07376	33.6176	1.4937
9.25609	33.8179	1.4938
9.44281	34.016	1.4939
9.634	34.2117	1.494
9.82974	34.4046	1.4941
10.0301	34.5944	1.4942
10.2352	34.7808	1.4943
10.445	34.9634	1.4944
10.6597	35.1422	1.4945
10.8793	35.3167	1.4946
11.1039	35.4869	1.4947
11.3335	35.6526	1.4948
11.5681	35.8138	1.4949
11.8078	35.9703	1.495
12.0526	36.1222	1.4951
12.3025	36.2694	1.4952
12.5576	36.4121	1.4953
12.8177	36.5504	1.4954
13.0829	36.6844	1.4955
13.3532	36.8143	1.4956
13.6284	36.9403	1.4957
13.9084	37.0626	1.4958
14.1932	37.1815	1.4959
14.4827	37.2973	1.496
14.7766	37.4102	1.4961
15.0748	37.5205	1.4962
15.3771	37.6284	1.4963
15.6833	37.7342	1.4964
15.993	37.8382	1.4965
16.3059	37.9405	1.4966
16.6218	38.0414	1.4967
16.9402	38.1408	1.4968
17.2607	38.239	1.4969
17.5828	38.336	1.497
17.906	38.4318	1.4971
18.2298	38.5262	1.4972
18.5536	38.6192	1.4973
18.8767	38.7105	1.4974
19.1985	38.8	1.4975
19.5183	38.8873	1.4976
19.8352	38.9719	1.4977
20.1485	39.0536	1.4978
20.4573	39.1317	1.4979
20.7608	39.2057	1.498
21.058	39.275	1.4981
21.348	39.3388	1.4982
21.6299	39.3966	1.4983
21.9027	39.4476	1.4984
22.1654	39.4909	1.4985
22.4171	39.5257	1.4986
22.6567	39.5513	1.4987
22.8833	39.5668	1.4988
23.096	39.5715	1.4989
23.2938	39.5644	1.499
23.476	39.5448	1.4991
23.6416	39.512	1.4992
23.7899	39.4653	1.4993
23.9202	39.404	1.4994
24.0319	39.3275	1.4995
24.1244	39.2353	1.4996
24.1974	39.1269	1.4997
24.2503	39.0021	1.4998
24.2831	38.8605	1.4999
24.2954	38.7019	1.5
24.2873	38.5263	1.5001
24.2587	38.3338	1.5002
24.2099	38.1243	1.5003
24.141	37.8981	1.5004
24.0525	37.6555	1.5005
23.9447	37.397	1.5006
23.8181	37.1229	1.5007
23.6735	36.8339	1.5008
23.5114	36.5305	1.5009
23.3326	36.2136	1.501
23.1379	35.8837	1.5011
22.9282	35.5418	1.5012
22.7044	35.1886	1.5013
22.4673	34.8251	1.5014
22.2181	34.4522	1.5015
21.9576	34.0707	1.5016
21.6868	33.6816	1.5017
21.4066	33.2857	1.5018
21.1182	32.8841	1.5019
20.8224	32.4776	1.502
20.5201	32.0671	1.5021
20.2123	31.6535	1.5022
19.8999	31.2375	1.5023
19.5836	30.82	1.5024
19.2644	30.4017	1.5025
18.943	29.9834	1.5026
18.6201	29.5656	1.5027
18.2964	29.1492	1.5028
17.9725	28.7346	1.5029
17.6491	28.3224	1.503
17.3267	27.9131	1.5031
17.0059	27.5072	1.5032
16.687	27.1051	1.5033
16.3706	26.7072	1.5034
16.057	26.3139	1.5035
15.7466	25.9254	1.5036
15.4397	25.5421	1.5037
15.1366	25.1641	1.5038
14.8376	24.7917	1.5039
14.5427	24.4251	1.504
14.2523	24.0643	1.5041
13.9666	23.7096	1.5042
13.6855	23.3611	1.5043
13.4093	23.0187	1.5044
13.1381	22.6827	1.5045
12.8718	22.3529	1.5046
12.6106	22.0294	1.5047
12.3545	21.7123	1.5048
12.1036	21.4015	1.5049
11.8577	21.0969	1.505
11.6169	20.7986	1.5051
11.3813	20.5065	1.5052
11.1507	20.2205	1.5053
10.9251	19.9406	1.5054
10.7045	19.6667	1.5055
10.4888	19.3988	1.5056
10.2779	19.1366	1.5057
10.0719	18.8802	1.5058
9.87054	18.6295	1.5059
9.67385	18.3843	1.506
9.48173	18.1445	1.5061
9.2941	17.9101	1.5062
9.11087	17.6809	1.5063
8.93196	17.4569	1.5064
8.75728	17.2379	1.5065
8.58675	17.0239	1.5066
8.42027	16.8146	1.5067
8.25776	16.6101	1.5068
8.09913	16.4102	1.5069
7.94429	16.2147	1.507
7.79315	16.0237	1.5071
7.64563	15.837	1.5072
7.50164	15.6544	1.5073
7.36109	15.476	1.5074
7.22391	15.3015	1.5075
7.09	15.1309	1.5076
6.95928	14.9642	1.5077
6.83168	14.8011	1.5078
6.70712	14.6416	1.5079
6.58551	14.4857	1.508
6.46678	14.3332	1.5081
6.35086	14.184	1.5082
6.23768	14.0381	1.5083
6.12715	13.8953	1.5084
6.01922	13.7557	1.5085
5.91381	13.6191	1.5086
5.81087	13.4854	1.5087
5.71031	13.3545	1.5088
5.61208	13.2265	1.5089
5.51612	13.1012	1.509
5.42237	12.9785	1.5091
5.33076	12.8584	1.5092
5.24125	12.7408	1.5093
5.15377	12.6256	1.5094
5.06828	12.5129	1.5095
4.98471	12.4025	1.5096
4.90302	12.2943	1.5097
4.82316	12.1883	1.5098
4.74508	12.0845	1.5099
4.66873	11.9828	1.51
4.59407	11.8831	1.5101
4.52105	11.7854	1.5102
4.44963	11.6897	1.5103
4.37977	11.5958	1.5104
4.31142	11.5038	1.5105
4.24454	11.4135	1.5106
4.17911	11.3251	1.5107
4.11507	11.2383	1.5108
4.0524	11.1532	1.5109
3.99106	11.0697	1.511
3.93101	10.9879	1.5111
3.87222	10.9075	1.5112
3.81466	10.8287	1.5113
3.7583	10.7513	1.5114
3.7031	10.6754	1.5115
3.64904	10.6008	1.5116
3.59609	10.5277	1.5117
3.54421	10.4558	1.5118
3.49339	10.3853	1.5119
3.4436	10.316	1.512
3.3948	10.248	1.5121
3.34699	10.1812	1.5122
3.30012	10.1156	1.5123
3.25418	10.0511	1.5124
3.20914	9.98774	1.5125
3.16499	9.92548	1.5126
3.1217	9.8643	1.5127
3.07925	9.80418	1.5128
3.03761	9.74507	1.5129
2.99678	9.68697	1.513
2.95673	9.62985	1.5131
2.91744	9.57368	1.5132
2.87889	9.51845	1.5133
2.84107	9.46414	1.5134
2.80396	9.41072	1.5135
2.76753	9.35817	1.5136
2.73179	9.30648	1.5137
2.6967	9.25562	1.5138
2.66226	9.20558	1.5139
2.62845	9.15634	1.514
2.59525	9.10788	1.5141
2.56266	9.06018	1.5142
2.53065	9.01323	1.5143
2.49921	8.96702	1.5144
2.46834	8.92152	1.5145
2.43801	8.87672	1.5146
2.40822	8.83261	1.5147
2.37895	8.78917	1.5148
2.35019	8.74638	1.5149
2.32193	8.70424	1.515
2.29417	8.66273	1.5151
2.26688	8.62184	1.5152
2.24006	8.58155	1.5153
2.21369	8.54186	1.5154
2.18778	8.50274	1.5155
2.1623	8.46419	1.5156
2.13725	8.4262	1.5157
2.11262	8.38875	1.5158
2.0884	8.35184	1.5159
2.06458	8.31545	1.516
2.04116	8.27957	1.5161
2.01811	8.2442	1.5162
1.99545	8.20932	1.5163
1.97315	8.17492	1.5164
1.95122	8.141	1.5165
1.92964	8.10754	1.5166
1.9084	8.07454	1.5167
1.88751	8.04198	1.5168
1.86694	8.00986	1.5169
1.84671	7.97818	1.517
1.82679	7.94691	1.5171
1.80718	7.91606	1.5172
1.78788	7.88561	1.5173
1.76887	7.85556	1.5174
1.75017	7.8259	1.5175
1.73174	7.79663	1.5176
1.71361	7.76773	1.5177
1.69574	7.7392	1.5178
1.67815	7.71103	1.5179
1.66083	7.68322	1.518
1.64376	7.65576	1.5181
1.62696	7.62864	1.5182
1.6104	7.60186	1.5183
1.59408	7.57541	1.5184
1.57801	7.54929	1.5185
1.56218	7.52348	1.5186
1.54657	7.49799	1.5187
1.5312	7.4728	1.5188
1.51605	7.44792	1.5189
1.50111	7.42334	1.519
1.4864	7.39905	1.5191
1.47189	7.37504	1.5192
1.45759	7.35132	1.5193
1.44349	7.32787	1.5194
1.42959	7.3047	1.5195
1.41589	7.28179	1.5196
1.40238	7.25915	1.5197
1.38906	7.23676	1.5198
1.37592	7.21464	1.5199
1.36297	7.19276	1.52
1.35019	7.17112	1.5201
1.33759	7.14973	1.5202
1.32517	7.12858	1.5203
1.31291	7.10766	1.5204
1.30082	7.08697	1.5205
1.28889	7.06651	1.5206
1.27712	7.04627	1.5207
1.26551	7.02625	1.5208
1.25405	7.00644	1.5209
1.24275	6.98685	1.521
1.23159	6.96746	1.5211
1.22059	6.94828	1.5212
1.20972	6.92931	1.5213
1.199	6.91053	1.5214
1.18842	6.89195	1.5215
1.17798	6.87356	1.5216
1.16767	6.85536	1.5217
1.15749	6.83734	1.5218
1.14745	6.81951	1.5219
1.13753	6.80186	1.522
1.12774	6.78439	1.5221
1.11807	6.7671	1.5222
1.10852	6.74998	1.5223
1.0991	6.73302	1.5224
1.08979	6.71624	1.5225
1.0806	6.69962	1.5226
1.07152	6.68316	1.5227
1.06255	6.66687	1.5228
1.0537	6.65073	1.5229
1.04495	6.63474	1.523
1.03631	6.61891	1.5231
1.02778	6.60323	1.5232
1.01934	6.5877	1.5233
1.01102	6.57232	1.5234
1.00279	6.55708	1.5235
0.994657	6.54198	1.5236
0.986624	6.52703	1.5237
0.978687	6.51221	1.5238
0.970844	6.49752	1.5239
0.963094	6.48297	1.524
0.955435	6.46856	1.5241
0.947865	6.45427	1.5242
0.940385	6.44012	1.5243
0.932991	6.42609	1.5244
0.925683	6.41218	1.5245
0.91846	6.3984	1.5246
0.91132	6.38474	1.5247
0.904262	6.3712	1.5248
0.897284	6.35778	1.5249
0.890386	6.34447	1.525
0.883567	6.33128	1.5251
0.876824	6.3182	1.5252
0.870158	6.30524	1.5253
0.863566	6.29238	1.5254
0.857048	6.27964	1.5255
0.850603	6.267	1.5256
0.84423	6.25447	1.5257
0.837927	6.24204	1.5258
0.831694	6.22972	1.5259
0.825529	6.2175	1.526
0.819432	6.20537	1.5261
0.813401	6.19335	1.5262
0.807436	6.18143	1.5263
0.801536	6.1696	1.5264
0.795699	6.15787	1.5265
0.789926	6.14623	1.5266
0.784214	6.13468	1.5267
0.778564	6.12323	1.5268
0.772973	6.11186	1.5269
0.767442	6.10059	1.527
0.76197	6.0894	1.5271
0.756556	6.0783	1.5272
0.751198	6.06729	1.5273
0.745897	6.05636	1.5274
0.740651	6.04552	1.5275
0.73546	6.03476	1.5276
0.730322	6.02408	1.5277
0.725238	6.01348	1.5278
0.720206	6.00296	1.5279
0.715226	5.99252	1.528
0.710297	5.98216	1.5281
0.705418	5.97187	1.5282
0.700589	5.96166	1.5283
0.695809	5.95153	1.5284
0.691077	5.94147	1.5285
0.686393	5.93148	1.5286
0.681756	5.92156	1.5287
0.677165	5.91172	1.5288
0.672621	5.90195	1.5289
0.668121	5.89224	1.529
0.663666	5.88261	1.5291
0.659255	5.87304	1.5292
0.654888	5.86354	1.5293
0.650564	5.85411	1.5294
0.646281	5.84474	1.5295
0.642041	5.83544	1.5296
0.637842	5.8262	1.5297
0.633684	5.81703	1.5298
0.629566	5.80792	1.5299
0.625488	5.79887	1.53
0.621449	5.78988	1.5301
0.617448	5.78095	1.5302
0.613486	5.77208	1.5303
0.609562	5.76327	1.5304
0.605675	5.75452	1.5305
0.601824	5.74583	1.5306
0.59801	5.73719	1.5307
0.594232	5.72861	1.5308
0.590489	5.72009	1.5309
0.586782	5.71162	1.531
0.583109	5.70321	1.5311
0.57947	5.69485	1.5312
0.575865	5.68655	1.5313
0.572293	5.67829	1.5314
0.568754	5.67009	1.5315
0.565247	5.66194	1.5316
0.561773	5.65385	1.5317
0.55833	5.6458	1.5318
0.554919	5.6378	1.5319
0.551539	5.62985	1.532
0.548189	5.62195	1.5321
0.54487	5.6141	1.5322
0.54158	5.6063	1.5323
0.53832	5.59855	1.5324
0.535089	5.59084	1.5325
0.531887	5.58318	1.5326
0.528714	5.57556	1.5327
0.525568	5.56799	1.5328
0.522451	5.56047	1.5329
0.519361	5.55299	1.533
0.516298	5.54555	1.5331
0.513262	5.53815	1.5332
0.510253	5.5308	1.5333
0.507269	5.5235	1.5334
0.504312	5.51623	1.5335
0.50138	5.50901	1.5336
0.498474	5.50183	1.5337
0.495593	5.49468	1.5338
0.492737	5.48758	1.5339
0.489905	5.48052	1.534
0.487097	5.4735	1.5341
0.484313	5.46652	1.5342
0.481553	5.45958	1.5343
0.478816	5.45267	1.5344
0.476103	5.4458	1.5345
0.473412	5.43898	1.5346
0.470744	5.43218	1.5347
0.468099	5.42543	1.5348
0.465475	5.41871	1.5349
0.462874	5.41203	1.535
0.460294	5.40538	1.5351
0.457735	5.39877	1.5352
0.455198	5.3922	1.5353
0.452681	5.38566	1.5354
0.450186	5.37915	1.5355
0.447711	5.37268	1.5356
0.445256	5.36624	1.5357
0.442821	5.35984	1.5358
0.440406	5.35347	1.5359
0.43801	5.34713	1.536
0.435634	5.34082	1.5361
0.433278	5.33455	1.5362
0.43094	5.32831	1.5363
0.428621	5.3221	1.5364
0.42632	5.31592	1.5365
0.424038	5.30977	1.5366
0.421775	5.30365	1.5367
0.419529	5.29757	1.5368
0.417301	5.29151	1.5369
0.41509	5.28548	1.537
0.412897	5.27949	1.5371
0.410722	5.27352	1.5372
0.408563	5.26758	1.5373
0.406422	5.26167	1.5374
0.404297	5.25579	1.5375
0.402188	5.24994	1.5376
0.400096	5.24411	1.5377
0.398021	5.23831	1.5378
0.395961	5.23254	1.5379
0.393917	5.2268	1.538
0.391889	5.22108	1.5381
0.389877	5.21539	1.5382
0.38788	5.20973	1.5383
0.385898	5.2041	1.5384
0.383931	5.19849	1.5385
0.381979	5.1929	1.5386
0.380043	5.18734	1.5387
0.37812	5.18181	1.5388
0.376212	5.1763	1.5389
0.374319	5.17082	1.539
0.37244	5.16536	1.5391
0.370575	5.15992	1.5392
0.368723	5.15451	1.5393
0.366886	5.14913	1.5394
0.365062	5.14376	1.5395
0.363252	5.13842	1.5396
0.361455	5.13311	1.5397
0.359672	5.12782	1.5398
0.357901	5.12255	1.5399
0.356144	5.1173	1.54
0.354399	5.11208	1.5401
0.352667	5.10687	1.5402
0.350948	5.10169	1.5403
0.349242	5.09654	1.5404
0.347547	5.0914	1.5405
0.345865	5.08629	1.5406
0.344196	5.0812	1.5407
0.342538	5.07612	1.5408
0.340892	5.07107	1.5409
0.339258	5.06604	1.541
0.337635	5.06104	1.5411
0.336025	5.05605	1.5412
0.334425	5.05108	1.5413
0.332837	5.04613	1.5414
0.331261	5.04121	1.5415
0.329695	5.0363	1.5416
0.328141	5.03141	1.5417
0.326597	5.02654	1.5418
0.325064	5.0217	1.5419
0.323543	5.01687	1.542
0.322031	5.01206	1.5421
0.32053	5.00727	1.5422
0.31904	5.00249	1.5423
0.31756	4.99774	1.5424
0.31609	4.993	1.5425
0.314631	4.98829	1.5426
0.313181	4.98359	1.5427
0.311742	4.97891	1.5428
0.310312	4.97425	1.5429
0.308893	4.9696	1.543
0.307482	4.96497	1.5431
0.306082	4.96036	1.5432
0.304691	4.95577	1.5433
0.303309	4.9512	1.5434
0.301937	4.94664	1.5435
0.300574	4.9421	1.5436
0.299221	4.93757	1.5437
0.297876	4.93306	1.5438
0.296541	4.92857	1.5439
0.295214	4.9241	1.544
0.293896	4.91964	1.5441
0.292587	4.9152	1.5442
0.291287	4.91077	1.5443
0.289996	4.90636	1.5444
0.288713	4.90196	1.5445
0.287438	4.89759	1.5446
0.286172	4.89322	1.5447
0.284914	4.88887	1.5448
0.283665	4.88454	1.5449
0.282424	4.88022	1.545
0.28119	4.87592	1.5451
0.279965	4.87163	1.5452
0.278748	4.86736	1.5453
0.277539	4.8631	1.5454
0.276337	4.85886	1.5455
0.275144	4.85463	1.5456
0.273958	4.85042	1.5457
0.27278	4.84622	1.5458
0.271609	4.84203	1.5459
0.270446	4.83786	1.546
0.26929	4.8337	1.5461
0.268142	4.82956	1.5462
0.267001	4.82543	1.5463
0.265867	4.82131	1.5464
0.264741	4.81721	1.5465
0.263621	4.81312	1.5466
0.262509	4.80904	1.5467
0.261404	4.80498	1.5468
0.260305	4.80093	1.5469
0.259214	4.79689	1.547
0.258129	4.79287	1.5471
0.257051	4.78886	1.5472
0.25598	4.78486	1.5473
0.254916	4.78088	1.5474
0.253858	4.77691	1.5475
0.252807	4.77295	1.5476
0.251763	4.769	1.5477
0.250724	4.76507	1.5478
0.249693	4.76114	1.5479
0.248667	4.75723	1.548
0.247648	4.75333	1.5481
0.246635	4.74945	1.5482
0.245628	4.74557	1.5483
0.244628	4.74171	1.5484
0.243633	4.73786	1.5485
0.242645	4.73402	1.5486
0.241663	4.7302	1.5487
0.240686	4.72638	1.5488
0.239716	4.72258	1.5489
0.238751	4.71878	1.549
0.237792	4.715	1.5491
0.236839	4.71123	1.5492
0.235892	4.70747	1.5493
0.23495	4.70372	1.5494
0.234014	4.69999	1.5495
0.233084	4.69626	1.5496
0.232159	4.69254	1.5497
0.231239	4.68884	1.5498
0.230325	4.68515	1.5499
0.229417	4.68146	1.55
0.228514	4.67779	1.5501
0.227616	4.67413	1.5502
0.226723	4.67048	1.5503
0.225836	4.66684	1.5504
0.224954	4.6632	1.5505
0.224077	4.65958	1.5506
0.223205	4.65597	1.5507
0.222338	4.65237	1.5508
0.221477	4.64878	1.5509
0.22062	4.6452	1.551
0.219768	4.64163	1.5511
0.218921	4.63807	1.5512
0.218079	4.63452	1.5513
0.217242	4.63098	1.5514
0.21641	4.62744	1.5515
0.215582	4.62392	1.5516
0.21476	4.62041	1.5517
0.213942	4.61691	1.5518
0.213128	4.61341	1.5519
0.21232	4.60993	1.552
0.211515	4.60645	1.5521
0.210716	4.60299	1.5522
0.209921	4.59953	1.5523
0.20913	4.59608	1.5524
0.208344	4.59264	1.5525
0.207562	4.58921	1.5526
0.206785	4.58579	1.5527
0.206012	4.58238	1.5528
0.205244	4.57898	1.5529
0.204479	4.57558	1.553
0.203719	4.57219	1.5531
0.202964	4.56882	1.5532
0.202212	4.56545	1.5533
0.201465	4.56209	1.5534
0.200721	4.55874	1.5535
0.199982	4.55539	1.5536
0.199247	4.55206	1.5537
0.198516	4.54873	1.5538
0.197789	4.54541	1.5539
0.197066	4.5421	1.554
0.196347	4.5388	1.5541
0.195632	4.53551	1.5542
0.194921	4.53222	1.5543
0.194214	4.52895	1.5544
0.19351	4.52568	1.5545
0.192811	4.52241	1.5546
0.192115	4.51916	1.5547
0.191423	4.51592	1.5548
0.190734	4.51268	1.5549
0.19005	4.50945	1.555
0.189369	4.50622	1.5551
0.188692	4.50301	1.5552
0.188018	4.4998	1.5553
0.187348	4.4966	1.5554
0.186681	4.49341	1.5555
0.186018	4.49023	1.5556
0.185359	4.48705	1.5557
0.184703	4.48388	1.5558
0.184051	4.48072	1.5559
0.183402	4.47756	1.556
0.182756	4.47441	1.5561
0.182114	4.47127	1.5562
0.181476	4.46814	1.5563
0.18084	4.46501	1.5564
0.180208	4.46189	1.5565
0.17958	4.45878	1.5566
0.178954	4.45567	1.5567
0.178332	4.45258	1.5568
0.177713	4.44948	1.5569
0.177098	4.4464	1.557
0.176485	4.44332	1.5571
0.175876	4.44025	1.5572
0.17527	4.43719	1.5573
0.174667	4.43413	1.5574
0.174067	4.43108	1.5575
0.17347	4.42804	1.5576
0.172877	4.425	1.5577
0.172286	4.42197	1.5578
0.171698	4.41894	1.5579
0.171114	4.41593	1.558
0.170532	4.41291	1.5581
0.169953	4.40991	1.5582
0.169378	4.40691	1.5583
0.168805	4.40392	1.5584
0.168235	4.40093	1.5585
0.167668	4.39796	1.5586
0.167104	4.39498	1.5587
0.166543	4.39202	1.5588
0.165984	4.38906	1.5589
0.165429	4.3861	1.559
0.164876	4.38315	1.5591
0.164326	4.38021	1.5592
0.163778	4.37727	1.5593
0.163234	4.37435	1.5594
0.162692	4.37142	1.5595
0.162153	4.3685	1.5596
0.161617	4.36559	1.5597
0.161083	4.36269	1.5598
0.160552	4.35978	1.5599
0.160023	4.35689	1.56
0.159497	4.354	1.5601
0.158974	4.35112	1.5602
0.158453	4.34824	1.5603
0.157935	4.34537	1.5604
0.157419	4.34251	1.5605
0.156906	4.33965	1.5606
0.156396	4.33679	1.5607
0.155888	4.33394	1.5608
0.155382	4.3311	1.5609
0.154879	4.32826	1.561
0.154378	4.32543	1.5611
0.15388	4.3226	1.5612
0.153384	4.31978	1.5613
0.152891	4.31697	1.5614
0.1524	4.31416	1.5615
0.151911	4.31135	1.5616
0.151425	4.30855	1.5617
0.150941	4.30576	1.5618
0.150459	4.30297	1.5619
0.14998	4.30019	1.562
0.149503	4.29741	1.5621
0.149028	4.29464	1.5622
0.148555	4.29187	1.5623
0.148085	4.28911	1.5624
0.147617	4.28635	1.5625
0.147151	4.2836	1.5626
0.146688	4.28085	1.5627
0.146226	4.27811	1.5628
0.145767	4.27537	1.5629
0.14531	4.27264	1.563
0.144855	4.26991	1.5631
0.144403	4.26719	1.5632
0.143952	4.26447	1.5633
0.143503	4.26176	1.5634
0.143057	4.25905	1.5635
0.142613	4.25635	1.5636
0.142171	4.25365	1.5637
0.14173	4.25096	1.5638
0.141292	4.24827	1.5639
0.140856	4.24559	1.564
0.140422	4.24291	1.5641
0.13999	4.24024	1.5642
0.13956	4.23757	1.5643
0.139132	4.2349	1.5644
0.138706	4.23224	1.5645
0.138282	4.22959	1.5646
0.13786	4.22694	1.5647
0.137439	4.22429	1.5648
0.137021	4.22165	1.5649
0.136605	4.21902	1.565
0.13619	4.21638	1.5651
0.135778	4.21376	1.5652
0.135367	4.21113	1.5653
0.134958	4.20852	1.5654
0.134551	4.2059	1.5655
0.134146	4.20329	1.5656
0.133743	4.20069	1.5657
0.133341	4.19809	1.5658
0.132941	4.19549	1.5659
0.132544	4.1929	1.566
0.132147	4.19031	1.5661
0.131753	4.18773	1.5662
0.131361	4.18515	1.5663
0.13097	4.18257	1.5664
0.130581	4.18	1.5665
0.130194	4.17744	1.5666
0.129808	4.17488	1.5667
0.129424	4.17232	1.5668
0.129042	4.16976	1.5669
0.128662	4.16721	1.567
0.128283	4.16467	1.5671
0.127906	4.16213	1.5672
0.12753	4.15959	1.5673
0.127157	4.15706	1.5674
0.126785	4.15453	1.5675
0.126414	4.152	1.5676
0.126045	4.14948	1.5677
0.125678	4.14697	1.5678
0.125313	4.14445	1.5679
0.124949	4.14195	1.568
0.124586	4.13944	1.5681
0.124225	4.13694	1.5682
0.123866	4.13444	1.5683
0.123508	4.13195	1.5684
0.123152	4.12946	1.5685
0.122798	4.12698	1.5686
0.122445	4.12449	1.5687
0.122093	4.12202	1.5688
0.121743	4.11954	1.5689
0.121395	4.11707	1.569
0.121048	4.11461	1.5691
0.120702	4.11214	1.5692
0.120358	4.10969	1.5693
0.120016	4.10723	1.5694
0.119675	4.10478	1.5695
0.119335	4.10233	1.5696
0.118997	4.09989	1.5697
0.11866	4.09745	1.5698
0.118325	4.09501	1.5699
0.117991	4.09258	1.57
0.117659	4.09015	1.5701
0.117328	4.08773	1.5702
0.116998	4.08531	1.5703
0.11667	4.08289	1.5704
0.116343	4.08047	1.5705
0.116018	4.07806	1.5706
0.115694	4.07566	1.5707
0.115371	4.07325	1.5708
0.11505	4.07085	1.5709
0.11473	4.06845	1.571
0.114411	4.06606	1.5711
0.114094	4.06367	1.5712
0.113778	4.06129	1.5713
0.113463	4.0589	1.5714
0.11315	4.05652	1.5715
0.112838	4.05415	1.5716
0.112527	4.05178	1.5717
0.112217	4.04941	1.5718
0.111909	4.04704	1.5719
0.111602	4.04468	1.572
0.111297	4.04232	1.5721
0.110992	4.03996	1.5722
0.110689	4.03761	1.5723
0.110387	4.03526	1.5724
0.110086	4.03292	1.5725
0.109787	4.03057	1.5726
0.109489	4.02824	1.5727
0.109192	4.0259	1.5728
0.108896	4.02357	1.5729
0.108602	4.02124	1.573
0.108308	4.01891	1.5731
0.108016	4.01659	1.5732
0.107725	4.01427	1.5733
0.107435	4.01195	1.5734
0.107147	4.00964	1.5735
0.106859	4.00733	1.5736
0.106573	4.00502	1.5737
0.106288	4.00272	1.5738
0.106004	4.00042	1.5739
0.105721	3.99812	1.574
0.10544	3.99583	1.5741
0.105159	3.99354	1.5742
0.10488	3.99125	1.5743
0.104601	3.98896	1.5744
0.104324	3.98668	1.5745
0.104048	3.9844	1.5746
0.103773	3.98213	1.5747
0.103499	3.97985	1.5748
0.103226	3.97759	1.5749
0.102955	3.97532	1.575
0.102684	3.97305	1.5751
0.102414	3.97079	1.5752
0.102146	3.96854	1.5753
0.101879	3.96628	1.5754
0.101612	3.96403	1.5755
0.101347	3.96178	1.5756
0.101083	3.95954	1.5757
0.100819	3.95729	1.5758
0.100557	3.95505	1.5759
0.100296	3.95281	1.576
0.100036	3.95058	1.5761
0.0997767	3.94835	1.5762
0.0995186	3.94612	1.5763
0.0992615	3.9439	1.5764
0.0990054	3.94167	1.5765
0.0987502	3.93945	1.5766
0.0984961	3.93724	1.5767
0.098243	3.93502	1.5768
0.0979908	3.93281	1.5769
0.0977397	3.9306	1.577
0.0974895	3.9284	1.5771
0.0972402	3.92619	1.5772
0.096992	3.92399	1.5773
0.0967447	3.92179	1.5774
0.0964983	3.9196	1.5775
0.0962529	3.91741	1.5776
0.0960084	3.91522	1.5777
0.0957649	3.91303	1.5778
0.0955223	3.91085	1.5779
0.0952806	3.90867	1.578
0.0950398	3.90649	1.5781
0.0948	3.90431	1.5782
0.0945611	3.90214	1.5783
0.0943231	3.89997	1.5784
0.0940859	3.8978	1.5785
0.0938497	3.89564	1.5786
0.0936144	3.89348	1.5787
0.09338	3.89132	1.5788
0.0931465	3.88916	1.5789
0.0929138	3.887	1.579
0.092682	3.88485	1.5791
0.0924511	3.8827	1.5792
0.0922211	3.88056	1.5793
0.0919919	3.87841	1.5794
0.0917636	3.87627	1.5795
0.0915362	3.87413	1.5796
0.0913096	3.872	1.5797
0.0910838	3.86986	1.5798
0.0908589	3.86773	1.5799
0.0906348	3.8656	1.58
0.0904116	3.86348	1.5801
0.0901892	3.86135	1.5802
0.0899676	3.85923	1.5803
0.0897468	3.85711	1.5804
0.0895269	3.855	1.5805
0.0893078	3.85288	1.5806
0.0890895	3.85077	1.5807
0.088872	3.84866	1.5808
0.0886552	3.84656	1.5809
0.0884393	3.84445	1.581
0.0882242	3.84235	1.5811
0.0880099	3.84025	1.5812
0.0877964	3.83816	1.5813
0.0875836	3.83606	1.5814
0.0873716	3.83397	1.5815
0.0871604	3.83188	1.5816
0.08695	3.8298	1.5817
0.0867403	3.82771	1.5818
0.0865315	3.82563	1.5819
0.0863233	3.82355	1.582
0.0861159	3.82147	1.5821
0.0859093	3.8194	1.5822
0.0857034	3.81733	1.5823
0.0854983	3.81526	1.5824
0.0852939	3.81319	1.5825
0.0850903	3.81112	1.5826
0.0848874	3.80906	1.5827
0.0846852	3.807	1.5828
0.0844837	3.80494	1.5829
0.084283	3.80289	1.583
0.084083	3.80083	1.5831
0.0838837	3.79878	1.5832
0.0836851	3.79673	1.5833
0.0834872	3.79468	1.5834
0.0832901	3.79264	1.5835
0.0830936	3.7906	1.5836
0.0828979	3.78856	1.5837
0.0827028	3.78652	1.5838
0.0825084	3.78448	1.5839
0.0823148	3.78245	1.584
0.0821218	3.78042	1.5841
0.0819295	3.77839	1.5842
0.0817379	3.77636	1.5843
0.0815469	3.77434	1.5844
0.0813567	3.77232	1.5845
0.0811671	3.7703	1.5846
0.0809781	3.76828	1.5847
0.0807899	3.76627	1.5848
0.0806023	3.76425	1.5849
0.0804153	3.76224	1.585
0.080229	3.76023	1.5851
0.0800434	3.75822	1.5852
0.0798584	3.75622	1.5853
0.0796741	3.75422	1.5854
0.0794904	3.75222	1.5855
0.0793073	3.75022	1.5856
0.0791249	3.74822	1.5857
0.0789432	3.74623	1.5858
0.078762	3.74424	1.5859
0.0785815	3.74225	1.586
0.0784016	3.74026	1.5861
0.0782223	3.73828	1.5862
0.0780437	3.73629	1.5863
0.0778657	3.73431	1.5864
0.0776882	3.73233	1.5865
0.0775114	3.73035	1.5866
0.0773352	3.72838	1.5867
0.0771596	3.72641	1.5868
0.0769847	3.72444	1.5869
0.0768103	3.72247	1.587
0.0766365	3.7205	1.5871
0.0764633	3.71854	1.5872
0.0762907	3.71657	1.5873
0.0761187	3.71461	1.5874
0.0759473	3.71265	1.5875
0.0757764	3.7107	1.5876
0.0756062	3.70874	1.5877
0.0754365	3.70679	1.5878
0.0752674	3.70484	1.5879
0.0750989	3.70289	1.588
0.0749309	3.70095	1.5881
0.0747635	3.699	1.5882
0.0745967	3.69706	1.5883
0.0744304	3.69512	1.5884
0.0742647	3.69318	1.5885
0.0740996	3.69124	1.5886
0.073935	3.68931	1.5887
0.073771	3.68738	1.5888
0.0736075	3.68545	1.5889
0.0734446	3.68352	1.589
0.0732822	3.68159	1.5891
0.0731204	3.67967	1.5892
0.0729591	3.67775	1.5893
0.0727983	3.67582	1.5894
0.0726381	3.67391	1.5895
0.0724784	3.67199	1.5896
0.0723193	3.67007	1.5897
0.0721606	3.66816	1.5898
0.0720025	3.66625	1.5899
0.071845	3.66434	1.59
0.0716879	3.66243	1.5901
0.0715314	3.66053	1.5902
0.0713754	3.65862	1.5903
0.0712199	3.65672	1.5904
0.0710649	3.65482	1.5905
0.0709104	3.65293	1.5906
0.0707565	3.65103	1.5907
0.070603	3.64914	1.5908
0.07045	3.64724	1.5909
0.0702976	3.64535	1.591
0.0701456	3.64346	1.5911
0.0699942	3.64158	1.5912
0.0698432	3.63969	1.5913
0.0696928	3.63781	1.5914
0.0695428	3.63593	1.5915
0.0693933	3.63405	1.5916
0.0692443	3.63217	1.5917
0.0690958	3.6303	1.5918
0.0689478	3.62842	1.5919
0.0688002	3.62655	1.592
0.0686531	3.62468	1.5921
0.0685066	3.62281	1.5922
0.0683604	3.62095	1.5923
0.0682148	3.61908	1.5924
0.0680696	3.61722	1.5925
0.0679249	3.61536	1.5926
0.0677807	3.6135	1.5927
0.0676369	3.61164	1.5928
0.0674936	3.60979	1.5929
0.0673507	3.60793	1.593
0.0672083	3.60608	1.5931
0.0670664	3.60423	1.5932
0.0669249	3.60238	1.5933
0.0667839	3.60053	1.5934
0.0666433	3.59869	1.5935
0.0665032	3.59685	1.5936
0.0663635	3.595	1.5937
0.0662242	3.59316	1.5938
0.0660854	3.59133	1.5939
0.0659471	3.58949	1.594
0.0658092	3.58766	1.5941
0.0656717	3.58582	1.5942
0.0655347	3.58399	1.5943
0.065398	3.58216	1.5944
0.0652619	3.58033	1.5945
0.0651261	3.57851	1.5946
0.0649908	3.57668	1.5947
0.0648559	3.57486	1.5948
0.0647214	3.57304	1.5949
0.0645874	3.57122	1.595
0.0644538	3.5694	1.5951
0.0643206	3.56759	1.5952
0.0641878	3.56577	1.5953
0.0640554	3.56396	1.5954
0.0639235	3.56215	1.5955
0.0637919	3.56034	1.5956
0.0636608	3.55853	1.5957
0.0635301	3.55673	1.5958
0.0633998	3.55492	1.5959
0.0632698	3.55312	1.596
0.0631403	3.55132	1.5961
0.0630112	3.54952	1.5962
0.0628825	3.54772	1.5963
0.0627542	3.54593	1.5964
0.0626263	3.54413	1.5965
0.0624988	3.54234	1.5966
0.0623717	3.54055	1.5967
0.062245	3.53876	1.5968
0.0621186	3.53697	1.5969
0.0619927	3.53519	1.597
0.0618672	3.5334	1.5971
0.061742	3.53162	1.5972
0.0616172	3.52984	1.5973
0.0614928	3.52806	1.5974
0.0613688	3.52628	1.5975
0.0612451	3.52451	1.5976
0.0611219	3.52273	1.5977
0.060999	3.52096	1.5978
0.0608765	3.51919	1.5979
0.0607543	3.51742	1.598
0.0606326	3.51565	1.5981
0.0605112	3.51388	1.5982
0.0603902	3.51212	1.5983
0.0602695	3.51035	1.5984
0.0601492	3.50859	1.5985
0.0600293	3.50683	1.5986
0.0599097	3.50507	1.5987
0.0597905	3.50332	1.5988
0.0596717	3.50156	1.5989
0.0595532	3.49981	1.599
0.0594351	3.49805	1.5991
0.0593173	3.4963	1.5992
0.0591999	3.49455	1.5993
0.0590828	3.4928	1.5994
0.0589661	3.49106	1.5995
0.0588498	3.48931	1.5996
0.0587338	3.48757	1.5997
0.0586181	3.48583	1.5998
0.0585028	3.48409	1.5999
0.0583878	3.48235	1.6
