lw	uf
9.7438662	0.00002
9.7438662	0.00004
9.7438662	0.00006
9.7438662	0.00008
9.7438662	0.0001
9.7438662	0.00012
9.7438662	0.00014
9.7438662	0.00016
9.7438662	0.00018
9.7438662	0.0002
9.7438662	0.00022
9.7438662	0.00024
9.7438662	0.00026
9.7438662	0.00028
9.7438662	0.0003
9.7438662	0.00032
9.7438662	0.00034
9.7438662	0.00036
9.7438662	0.00038
9.7438662	0.0004
9.7438662	0.00042
9.7438662	0.00044
9.7438662	0.00046
9.7438662	0.00048
9.7438662	0.0005
9.7438662	0.00052
9.7438662	0.00054
9.7438662	0.00056
9.7438662	0.00058
9.7438662	0.0006
9.7438662	0.00062
9.7438662	0.00064
9.7438662	0.00066
9.7438662	0.00068
9.7438662	0.0007
9.7438662	0.00072
9.7438662	0.00074
9.7438662	0.00076
9.7438662	0.00078
9.7438662	0.0008
9.7438662	0.00082
9.7438662	0.00084
9.7438662	0.00086
9.7438662	0.00088
9.7438662	0.0009
9.7438662	0.00092
9.7438662	0.00094
9.7438662	0.00096
9.7438662	0.00098
9.7438662	0.001
9.7438662	0.00102
9.7438662	0.00104
9.7438662	0.00106
9.7438662	0.00108
9.7438662	0.0011
9.7438662	0.00112
9.7438662	0.00114
9.7438662	0.00116
9.7438662	0.00118
9.7438662	0.0012
9.7438662	0.00122
9.7438662	0.00124
9.7438662	0.00126
9.7438662	0.00128
9.7438662	0.0013
9.7438662	0.00132
9.7438662	0.00134
9.7438662	0.00136
9.7438662	0.00138
9.7438662	0.0014
9.7438662	0.00142
9.7438662	0.00144
9.7438662	0.00146
9.7438662	0.00148
9.7438662	0.0015
9.7438662	0.00152
9.7438662	0.00154
9.7438662	0.00156
9.7438662	0.00158
9.7438662	0.0016
9.7438662	0.00162
9.7438662	0.00164
9.7438662	0.00166
9.7438662	0.00168
9.7438662	0.0017
9.7438662	0.00172
9.7438662	0.00174
9.7438662	0.00176
9.7438662	0.00178
9.7438662	0.0018
9.7438662	0.00182
9.7438662	0.00184
9.7438662	0.00186
9.7438662	0.00188
9.7438662	0.0019
9.7438662	0.00192
9.7438662	0.00194
9.7438662	0.00196
9.7438662	0.00198
9.7438662	0.002
9.7438662	0.00202
9.7438662	0.00204
9.7438662	0.00206
9.7438662	0.00208
9.7438662	0.0021
9.7438662	0.00212
9.7438662	0.00214
9.7438662	0.00216
9.7438662	0.00218
9.7438662	0.0022
9.7438662	0.00222
9.7438662	0.00224
9.7438662	0.00226
9.7438662	0.00228
9.7438662	0.0023
9.7438662	0.00232
9.7438662	0.00234
9.7438662	0.00236
9.7438662	0.00238
9.7438662	0.0024
9.7438662	0.00242
9.7438662	0.00244
9.7438662	0.00246
9.7438662	0.00248
9.7438662	0.0025
9.7438662	0.00252
9.7438662	0.00254
9.7438662	0.00256
9.7438662	0.00258
9.7438662	0.0026
9.7438662	0.00262
9.7438662	0.00264
9.7438662	0.00266
9.7438662	0.00268
9.7438662	0.0027
9.7438662	0.00272
9.7438662	0.00274
9.7438662	0.00276
9.7438662	0.00278
9.7438662	0.0028
9.7438662	0.00282
9.7438662	0.00284
9.7438662	0.00286
9.7438662	0.00288
9.7438662	0.0029
9.7438662	0.00292
9.7438662	0.00294
9.7438662	0.00296
9.7438662	0.00298
9.7438662	0.003
9.7438662	0.00302
9.7438662	0.00304
9.7438662	0.00306
9.7438662	0.00308
9.7438662	0.0031
9.7438662	0.00312
9.7438662	0.00314
9.7438662	0.00316
9.7438662	0.00318
9.7438662	0.0032
9.7438662	0.00322
9.7438662	0.00324
9.7438662	0.00326
9.7438662	0.00328
9.7438662	0.0033
9.7438662	0.00332
9.7438662	0.00334
9.7438662	0.00336
9.7438662	0.00338
9.7438662	0.0034
9.7438662	0.00342
9.7438662	0.00344
9.7438662	0.00346
9.7438662	0.00348
9.7438662	0.0035
9.7438662	0.00352
9.7438662	0.00354
9.7438662	0.00356
9.7438662	0.00358
9.7438662	0.0036
9.7438662	0.00362
9.7438662	0.00364
9.7438662	0.00366
9.7438662	0.00368
9.7438662	0.0037
9.7438662	0.00372
9.7438662	0.00374
9.7438662	0.00376
9.7438662	0.00378
9.7438662	0.0038
9.7438662	0.00382
9.7438662	0.00384
9.7438662	0.00386
9.7438662	0.00388
9.7438662	0.0039
9.7438662	0.00392
9.7438662	0.00394
9.7438662	0.00396
9.7438662	0.00398
9.7438662	0.004
9.7438662	0.00402
9.7438662	0.00404
9.7438662	0.00406
9.7438662	0.00408
9.7438662	0.0041
9.7438662	0.00412
9.7438662	0.00414
9.7438662	0.00416
9.7438662	0.00418
9.7438662	0.0042
9.7438662	0.00422
9.7438662	0.00424
9.7438662	0.00426
9.7438662	0.00428
9.7438662	0.0043
9.7438662	0.00432
9.7438662	0.00434
9.7438662	0.00436
9.7438662	0.00438
9.7438662	0.0044
9.7438662	0.00442
9.7438662	0.00444
9.7438662	0.00446
9.7438662	0.00448
9.7438662	0.0045
9.7438662	0.00452
9.7438662	0.00454
9.7438662	0.00456
9.7438662	0.00458
9.7438662	0.0046
9.7438662	0.00462
9.7438662	0.00464
9.7438662	0.00466
9.7438662	0.00468
9.7438662	0.0047
9.7438662	0.00472
9.7438662	0.00474
9.7438662	0.00476
9.7438662	0.00478
9.7438662	0.0048
9.7438662	0.00482
9.7438662	0.00484
9.7438662	0.00486
9.7438662	0.00488
9.7438662	0.0049
9.7438662	0.00492
9.7438662	0.00494
9.7438662	0.00496
9.7438662	0.00498
9.7438662	0.005
9.7438662	0.00502
9.7438662	0.00504
9.7438662	0.00506
9.7438662	0.00508
9.7438662	0.0051
9.7438662	0.00512
9.7438662	0.00514
9.7438662	0.00516
9.7438662	0.00518
9.7438662	0.0052
9.7438662	0.00522
9.7438662	0.00524
9.7438662	0.00526
9.7438662	0.00528
9.7438662	0.0053
9.7438662	0.00532
9.7438662	0.00534
9.7438662	0.00536
9.7438662	0.00538
9.7438662	0.0054
9.7438662	0.00542
9.7438662	0.00544
9.7438662	0.00546
9.7438662	0.00548
9.7438662	0.0055
9.7438662	0.00552
9.7438662	0.00554
9.7438662	0.00556
9.7438662	0.00558
9.7438662	0.0056
9.7438662	0.00562
9.7438662	0.00564
9.7438662	0.00566
9.7438662	0.00568
9.7438662	0.0057
9.7438662	0.00572
9.7438662	0.00574
9.7438662	0.00576
9.7438662	0.00578
9.7438662	0.0058
9.7438662	0.00582
9.7438662	0.00584
9.7438662	0.00586
9.7438662	0.00588
9.7438662	0.0059
9.7438662	0.00592
9.7438662	0.00594
9.7438662	0.00596
9.7438662	0.00598
9.7438662	0.006
9.7438662	0.00602
9.7438662	0.00604
9.7438662	0.00606
9.7438662	0.00608
9.7438662	0.0061
9.7438662	0.00612
9.7438662	0.00614
9.7438662	0.00616
9.7438662	0.00618
9.7438662	0.0062
9.7438662	0.00622
9.7438662	0.00624
9.7438662	0.00626
9.7438662	0.00628
9.7438662	0.0063
9.7438662	0.00632
9.7438662	0.00634
9.7438662	0.00636
9.7438662	0.00638
9.7438662	0.0064
9.7438662	0.00642
9.7438662	0.00644
9.7438662	0.00646
9.7438662	0.00648
9.7438662	0.0065
9.7438662	0.00652
9.7438662	0.00654
9.7438662	0.00656
9.7438662	0.00658
9.7438662	0.0066
9.7438662	0.00662
9.7438662	0.00664
9.7438662	0.00666
9.7438662	0.00668
9.7438662	0.0067
9.7438662	0.00672
9.7438662	0.00674
9.7438662	0.00676
9.7438662	0.00678
9.7438662	0.0068
9.7438662	0.00682
9.7438662	0.00684
9.7438662	0.00686
9.7438662	0.00688
9.7438662	0.0069
9.7438662	0.00692
9.7438662	0.00694
9.7438662	0.00696
9.7438662	0.00698
9.7438662	0.007
9.7438662	0.00702
9.7438662	0.00704
9.7438662	0.00706
9.7438662	0.00708
9.7438662	0.0071
9.7438662	0.00712
9.7438662	0.00714
9.7438662	0.00716
9.7438662	0.00718
9.7438662	0.0072
9.7438662	0.00722
9.7438662	0.00724
9.7438662	0.00726
9.7438662	0.00728
9.7438662	0.0073
9.7438662	0.00732
9.7438662	0.00734
9.7438662	0.00736
9.7438662	0.00738
9.7438662	0.0074
9.7438662	0.00742
9.7438662	0.00744
9.7438662	0.00746
9.7438662	0.00748
9.7438662	0.0075
9.7438662	0.00752
9.7438662	0.00754
9.7438662	0.00756
9.7438662	0.00758
9.7438662	0.0076
9.7438662	0.00762
9.7438662	0.00764
9.7438662	0.00766
9.7438662	0.00768
9.7438662	0.0077
9.7438662	0.00772
9.7438662	0.00774
9.7438662	0.00776
9.7438662	0.00778
9.7438662	0.0078
9.7438662	0.00782
9.7438662	0.00784
9.7438662	0.00786
9.7438662	0.00788
9.7438662	0.0079
9.7438662	0.00792
9.7438662	0.00794
9.7438662	0.00796
9.7438662	0.00798
9.7438662	0.008
9.7438662	0.00802
9.7438662	0.00804
9.7438662	0.00806
9.7438662	0.00808
9.7438662	0.0081
9.7438662	0.00812
9.7438662	0.00814
9.7438662	0.00816
9.7438662	0.00818
9.7438662	0.0082
9.7438662	0.00822
9.7438662	0.00824
9.7438662	0.00826
9.7438662	0.00828
9.7438662	0.0083
9.7438662	0.00832
9.7438662	0.00834
9.7438662	0.00836
9.7438662	0.00838
9.7438662	0.0084
9.7438662	0.00842
9.7438662	0.00844
9.7438662	0.00846
9.7438662	0.00848
9.7438662	0.0085
9.7438662	0.00852
9.7438662	0.00854
9.7438662	0.00856
9.7438662	0.00858
9.7438662	0.0086
9.7438662	0.00862
9.7438662	0.00864
9.7438662	0.00866
9.7438662	0.00868
9.7438662	0.0087
9.7438662	0.00872
9.7438662	0.00874
9.7438662	0.00876
9.7438662	0.00878
9.7438662	0.0088
9.7438662	0.00882
9.7438662	0.00884
9.7438662	0.00886
9.7438662	0.00888
9.7438662	0.0089
9.7438662	0.00892
9.7438662	0.00894
9.7438662	0.00896
9.7438662	0.00898
9.7438662	0.009
9.7438662	0.00902
9.7438662	0.00904
9.7438662	0.00906
9.7438662	0.00908
9.7438662	0.0091
9.7438662	0.00912
9.7438662	0.00914
9.7438662	0.00916
9.7438662	0.00918
9.7438662	0.0092
9.7438662	0.00922
9.7438662	0.00924
9.7438662	0.00926
9.7438662	0.00928
9.7438662	0.0093
9.7438662	0.00932
9.7438662	0.00934
9.7438662	0.00936
9.7438662	0.00938
9.7438662	0.0094
9.7438662	0.00942
9.7438662	0.00944
9.7438662	0.00946
9.7438662	0.00948
9.7438662	0.0095
9.7438662	0.00952
9.7438662	0.00954
9.7438662	0.00956
9.7438662	0.00958
9.7438662	0.0096
9.7438662	0.00962
9.7438662	0.00964
9.7438662	0.00966
9.7438662	0.00968
9.7438662	0.0097
9.7438662	0.00972
9.7438662	0.00974
9.7438662	0.00976
9.7438662	0.00978
9.7438662	0.0098
9.7438662	0.00982
9.7438662	0.00984
9.7438662	0.00986
9.7438662	0.00988
9.7438662	0.0099
9.7438662	0.00992
9.7438662	0.00994
9.7438662	0.00996
9.7438662	0.00998
9.7438662	0.01
9.7438662	0.01002
9.7438662	0.01004
9.7438662	0.01006
9.7438662	0.01008
9.7438662	0.0101
9.7438662	0.01012
9.7438662	0.01014
9.7438662	0.01016
9.7438662	0.01018
9.7438662	0.0102
9.7438662	0.01022
9.7438662	0.01024
9.7438662	0.01026
9.7438662	0.01028
9.7438662	0.0103
9.7438662	0.01032
9.7438662	0.01034
9.7438662	0.01036
9.7438662	0.01038
9.7438662	0.0104
9.7438662	0.01042
9.7438662	0.01044
9.7438662	0.01046
9.7438662	0.01048
9.7438662	0.0105
9.7438662	0.01052
9.7438662	0.01054
9.7438662	0.01056
9.7438662	0.01058
9.7438662	0.0106
9.7438662	0.01062
9.7438662	0.01064
9.7438662	0.01066
9.7438662	0.01068
9.7438662	0.0107
9.7438662	0.01072
9.7438662	0.01074
9.7438662	0.01076
9.7438662	0.01078
9.7438662	0.0108
9.7438662	0.01082
9.7438662	0.01084
9.7438662	0.01086
9.7438662	0.01088
9.7438662	0.0109
9.7438662	0.01092
9.7438662	0.01094
9.7438662	0.01096
9.7438662	0.01098
9.7438662	0.011
9.7438662	0.01102
9.7438662	0.01104
9.7438662	0.01106
9.7438662	0.01108
9.7438662	0.0111
9.7438662	0.01112
9.7438662	0.01114
9.7438662	0.01116
9.7438662	0.01118
9.7438662	0.0112
9.7438662	0.01122
9.7438662	0.01124
9.7438662	0.01126
9.7438662	0.01128
9.7438662	0.0113
9.7438662	0.01132
9.7438662	0.01134
9.7438662	0.01136
9.7438662	0.01138
9.7438662	0.0114
9.7438662	0.01142
9.7438662	0.01144
9.7438662	0.01146
9.7438662	0.01148
9.7438662	0.0115
9.7438662	0.01152
9.7438662	0.01154
9.7438662	0.01156
9.7438662	0.01158
9.7438662	0.0116
9.7438662	0.01162
9.7438662	0.01164
9.7438662	0.01166
9.7438662	0.01168
9.7438662	0.0117
9.7438662	0.01172
9.7438662	0.01174
9.7438662	0.01176
9.7438662	0.01178
9.7438662	0.0118
9.7438662	0.01182
9.7438662	0.01184
9.7438662	0.01186
9.7438662	0.01188
9.7438662	0.0119
9.7438662	0.01192
9.7438662	0.01194
9.7438662	0.01196
9.7438662	0.01198
9.7438662	0.012
9.7438662	0.01202
9.7438662	0.01204
9.7438662	0.01206
9.7438662	0.01208
9.7438662	0.0121
9.7438662	0.01212
9.7438662	0.01214
9.7438662	0.01216
9.7438662	0.01218
9.7438662	0.0122
9.7438662	0.01222
9.7438662	0.01224
9.7438662	0.01226
9.7438662	0.01228
9.7438662	0.0123
9.7438662	0.01232
9.7438662	0.01234
9.7438662	0.01236
9.7438662	0.01238
9.7438662	0.0124
9.7438662	0.01242
9.7438662	0.01244
9.7438662	0.01246
9.7438662	0.01248
9.7438662	0.0125
9.7438662	0.01252
9.7438662	0.01254
9.7438662	0.01256
9.7438662	0.01258
9.7438662	0.0126
9.7438662	0.01262
9.7438662	0.01264
9.7438662	0.01266
9.7438662	0.01268
9.7438662	0.0127
9.7438662	0.01272
9.7438662	0.01274
9.7438662	0.01276
9.7438662	0.01278
9.7438662	0.0128
9.7438662	0.01282
9.7438662	0.01284
9.7438662	0.01286
9.7438662	0.01288
9.7438662	0.0129
9.7438662	0.01292
9.7438662	0.01294
9.7438662	0.01296
9.7438662	0.01298
9.7438662	0.013
9.7438662	0.01302
9.7438662	0.01304
9.7438662	0.01306
9.7438662	0.01308
9.7438662	0.0131
9.7438662	0.01312
9.7438662	0.01314
9.7438662	0.01316
9.7438662	0.01318
9.7438662	0.0132
9.7438662	0.01322
9.7438662	0.01324
9.7438662	0.01326
9.7438662	0.01328
9.7438662	0.0133
9.7438662	0.01332
9.7438662	0.01334
9.7438662	0.01336
9.7438662	0.01338
9.7438662	0.0134
9.7438662	0.01342
9.7438662	0.01344
9.7438662	0.01346
9.7438662	0.01348
9.7438662	0.0135
9.7438662	0.01352
9.7438662	0.01354
9.7438662	0.01356
9.7438662	0.01358
9.7438662	0.0136
9.7438662	0.01362
9.7438662	0.01364
9.7438662	0.01366
9.7438662	0.01368
9.7438662	0.0137
9.7438662	0.01372
9.7438662	0.01374
9.7438662	0.01376
9.7438662	0.01378
9.7438662	0.0138
9.7438662	0.01382
9.7438662	0.01384
9.7438662	0.01386
9.7438662	0.01388
9.7438662	0.0139
9.7438662	0.01392
9.7438662	0.01394
9.7438662	0.01396
9.7438662	0.01398
9.7438662	0.014
9.7438662	0.01402
9.7438662	0.01404
9.7438662	0.01406
9.7438662	0.01408
9.7438662	0.0141
9.7438662	0.01412
9.7438662	0.01414
9.7438662	0.01416
9.7438662	0.01418
9.7438662	0.0142
9.7438662	0.01422
9.7438662	0.01424
9.7438662	0.01426
9.7438662	0.01428
9.7438662	0.0143
9.7438662	0.01432
9.7438662	0.01434
9.7438662	0.01436
9.7438662	0.01438
9.7438662	0.0144
9.7438662	0.01442
9.7438662	0.01444
9.7438662	0.01446
9.7438662	0.01448
9.7438662	0.0145
9.7438662	0.01452
9.7438662	0.01454
9.7438662	0.01456
9.7438662	0.01458
9.7438662	0.0146
9.7438662	0.01462
9.7438662	0.01464
9.7438662	0.01466
9.7438662	0.01468
9.7438662	0.0147
9.7438662	0.01472
9.7438662	0.01474
9.7438662	0.01476
9.7438662	0.01478
9.7438662	0.0148
9.7438662	0.01482
9.7438662	0.01484
9.7438662	0.01486
9.7438662	0.01488
9.7438662	0.0149
9.7438662	0.01492
9.7438662	0.01494
9.7438662	0.01496
9.7438662	0.01498
9.7438662	0.015
9.7438662	0.01502
9.7438662	0.01504
9.7438662	0.01506
9.7438662	0.01508
9.7438662	0.0151
9.7438662	0.01512
9.7438662	0.01514
9.7438662	0.01516
9.7438662	0.01518
9.7438662	0.0152
9.7438662	0.01522
9.7438662	0.01524
9.7438662	0.01526
9.7438662	0.01528
9.7438662	0.0153
9.7438662	0.01532
9.7438662	0.01534
9.7438662	0.01536
9.7438662	0.01538
9.7438662	0.0154
9.7438662	0.01542
9.7438662	0.01544
9.7438662	0.01546
9.7438662	0.01548
9.7438662	0.0155
9.7438662	0.01552
9.7438662	0.01554
9.7438662	0.01556
9.7438662	0.01558
9.7438662	0.0156
9.7438662	0.01562
9.7438662	0.01564
9.7438662	0.01566
9.7438662	0.01568
9.7438662	0.0157
9.7438662	0.01572
9.7438662	0.01574
9.7438662	0.01576
9.7438662	0.01578
9.7438662	0.0158
9.7438662	0.01582
9.7438662	0.01584
9.7438662	0.01586
9.7438662	0.01588
9.7438662	0.0159
9.7438662	0.01592
9.7438662	0.01594
9.7438662	0.01596
9.7438662	0.01598
9.7438662	0.016
9.7438662	0.01602
9.7438662	0.01604
9.7438662	0.01606
9.7438662	0.01608
9.7438662	0.0161
9.7438662	0.01612
9.7438662	0.01614
9.7438662	0.01616
9.7438662	0.01618
9.7438662	0.0162
9.7438662	0.01622
9.7438662	0.01624
9.7438662	0.01626
9.7438662	0.01628
9.7438662	0.0163
9.7438662	0.01632
9.7438662	0.01634
9.7438662	0.01636
9.7438662	0.01638
9.7438662	0.0164
9.7438662	0.01642
9.7438662	0.01644
9.7438662	0.01646
9.7438662	0.01648
9.7438662	0.0165
9.7438662	0.01652
9.7438662	0.01654
9.7438662	0.01656
9.7438662	0.01658
9.7438662	0.0166
9.7438662	0.01662
9.7438662	0.01664
9.7438662	0.01666
9.7438662	0.01668
9.7438662	0.0167
9.7438662	0.01672
9.7438662	0.01674
9.7438662	0.01676
9.7438662	0.01678
9.7438662	0.0168
9.7438662	0.01682
9.7438662	0.01684
9.7438662	0.01686
9.7438662	0.01688
9.7438662	0.0169
9.7438662	0.01692
9.7438662	0.01694
9.7438662	0.01696
9.7438662	0.01698
9.7438662	0.017
9.7438662	0.01702
9.7438662	0.01704
9.7438662	0.01706
9.7438662	0.01708
9.7438662	0.0171
9.7438662	0.01712
9.7438662	0.01714
9.7438662	0.01716
9.7438662	0.01718
9.7438662	0.0172
9.7438662	0.01722
9.7438662	0.01724
9.7438662	0.01726
9.7438662	0.01728
9.7438662	0.0173
9.7438662	0.01732
9.7438662	0.01734
9.7438662	0.01736
9.7438662	0.01738
9.7438662	0.0174
9.7438662	0.01742
9.7438662	0.01744
9.7438662	0.01746
9.7438662	0.01748
9.7438662	0.0175
9.7438662	0.01752
9.7438662	0.01754
9.7438662	0.01756
9.7438662	0.01758
9.7438662	0.0176
9.7438662	0.01762
9.7438662	0.01764
9.7438662	0.01766
9.7438662	0.01768
9.7438662	0.0177
9.7438662	0.01772
9.7438662	0.01774
9.7438662	0.01776
9.7438662	0.01778
9.7438662	0.0178
9.7438662	0.01782
9.7438662	0.01784
9.7438662	0.01786
9.7438662	0.01788
9.7438662	0.0179
9.7438662	0.01792
9.7438662	0.01794
9.7438662	0.01796
9.7438662	0.01798
9.7438662	0.018
9.7438662	0.01802
9.7438662	0.01804
9.7438662	0.01806
9.7438662	0.01808
9.7438662	0.0181
9.7438662	0.01812
9.7438662	0.01814
9.7438662	0.01816
9.7438662	0.01818
9.7438662	0.0182
9.7438662	0.01822
9.7438662	0.01824
9.7438662	0.01826
9.7438662	0.01828
9.7438662	0.0183
9.7438662	0.01832
9.7438662	0.01834
9.7438662	0.01836
9.7438662	0.01838
9.7438662	0.0184
9.7438662	0.01842
9.7438662	0.01844
9.7438662	0.01846
9.7438662	0.01848
9.7438662	0.0185
9.7438662	0.01852
9.7438662	0.01854
9.7438662	0.01856
9.7438662	0.01858
9.7438662	0.0186
9.7438662	0.01862
9.7438662	0.01864
9.7438662	0.01866
9.7438662	0.01868
9.7438662	0.0187
9.7438662	0.01872
9.7438662	0.01874
9.7438662	0.01876
9.7438662	0.01878
9.7438662	0.0188
9.7438662	0.01882
9.7438662	0.01884
9.7438662	0.01886
9.7438662	0.01888
9.7438662	0.0189
9.7438662	0.01892
9.7438662	0.01894
9.7438662	0.01896
9.7438662	0.01898
9.7438662	0.019
9.7438662	0.01902
9.7438662	0.01904
9.7438662	0.01906
9.7438662	0.01908
9.7438662	0.0191
9.7438662	0.01912
9.7438662	0.01914
9.7438662	0.01916
9.7438662	0.01918
9.7438662	0.0192
9.7438662	0.01922
9.7438662	0.01924
9.7438662	0.01926
9.7438662	0.01928
9.7438662	0.0193
9.7438662	0.01932
9.7438662	0.01934
9.7438662	0.01936
9.7438662	0.01938
9.7438662	0.0194
9.7438662	0.01942
9.7438662	0.01944
9.7438662	0.01946
9.7438662	0.01948
9.7438662	0.0195
9.7438662	0.01952
9.7438662	0.01954
9.7438662	0.01956
9.7438662	0.01958
9.7438662	0.0196
9.7438662	0.01962
9.7438662	0.01964
9.7438662	0.01966
9.7438662	0.01968
9.7438662	0.0197
9.7438662	0.01972
9.7438662	0.01974
9.7438662	0.01976
9.7438662	0.01978
9.7438662	0.0198
9.7438662	0.01982
9.7438662	0.01984
9.7438662	0.01986
9.7438662	0.01988
9.7438662	0.0199
9.7438662	0.01992
9.7438662	0.01994
9.7438662	0.01996
9.7438662	0.01998
9.7438662	0.02
9.7438662	0.02002
9.7438662	0.02004
9.7438662	0.02006
9.7438662	0.02008
9.7438662	0.0201
9.7438662	0.02012
9.7438662	0.02014
9.7438662	0.02016
9.7438662	0.02018
9.7438662	0.0202
9.7438662	0.02022
9.7438662	0.02024
9.7438662	0.02026
9.7438662	0.02028
9.7438662	0.0203
9.7438662	0.02032
9.7438662	0.02034
9.7438662	0.02036
9.7438662	0.02038
9.7438662	0.0204
9.7438662	0.02042
9.7438662	0.02044
9.7438662	0.02046
9.7438662	0.02048
9.7438662	0.0205
9.7438662	0.02052
9.7438662	0.02054
9.7438662	0.02056
9.7438662	0.02058
9.7438662	0.0206
9.7438662	0.02062
9.7438662	0.02064
9.7438662	0.02066
9.7438662	0.02068
9.7438662	0.0207
9.7438662	0.02072
9.7438662	0.02074
9.7438662	0.02076
9.7438662	0.02078
9.7438662	0.0208
9.7438662	0.02082
9.7438662	0.02084
9.7438662	0.02086
9.7438662	0.02088
9.7438662	0.0209
9.7438662	0.02092
9.7438662	0.02094
9.7438662	0.02096
9.7438662	0.02098
9.7438662	0.021
9.7438662	0.02102
9.7438662	0.02104
9.7438662	0.02106
9.7438662	0.02108
9.7438662	0.0211
9.7438662	0.02112
9.7438662	0.02114
9.7438662	0.02116
9.7438662	0.02118
9.7438662	0.0212
9.7438662	0.02122
9.7438662	0.02124
9.7438662	0.02126
9.7438662	0.02128
9.7438662	0.0213
9.7438662	0.02132
9.7438662	0.02134
9.7438662	0.02136
9.7438662	0.02138
9.7438662	0.0214
9.7438662	0.02142
9.7438662	0.02144
9.7438662	0.02146
9.7438662	0.02148
9.7438662	0.0215
9.7438662	0.02152
9.7438662	0.02154
9.7438662	0.02156
9.7438662	0.02158
9.7438662	0.0216
9.7438662	0.02162
9.7438662	0.02164
9.7438662	0.02166
9.7438662	0.02168
9.7438662	0.0217
9.7438662	0.02172
9.7438662	0.02174
9.7438662	0.02176
9.7438662	0.02178
9.7438662	0.0218
9.7438662	0.02182
9.7438662	0.02184
9.7438662	0.02186
9.7438662	0.02188
9.7438662	0.0219
9.7438662	0.02192
9.7438662	0.02194
9.7438662	0.02196
9.7438662	0.02198
9.7438662	0.022
9.7438662	0.02202
9.7438662	0.02204
9.7438662	0.02206
9.7438662	0.02208
9.7438662	0.0221
9.7438662	0.02212
9.7438662	0.02214
9.7438662	0.02216
9.7438662	0.02218
9.7438662	0.0222
9.7438662	0.02222
9.7438662	0.02224
9.7438662	0.02226
9.7438662	0.02228
9.7438662	0.0223
9.7438662	0.02232
9.7438662	0.02234
9.7438662	0.02236
9.7438662	0.02238
9.7438662	0.0224
9.7438662	0.02242
9.7438662	0.02244
9.7438662	0.02246
9.7438662	0.02248
9.7438662	0.0225
9.7438662	0.02252
9.7438662	0.02254
9.7438662	0.02256
9.7438662	0.02258
9.7438662	0.0226
9.7438662	0.02262
9.7438662	0.02264
9.7438662	0.02266
9.7438662	0.02268
9.7438662	0.0227
9.7438662	0.02272
9.7438662	0.02274
9.7438662	0.02276
9.7438662	0.02278
9.7438662	0.0228
9.7438662	0.02282
9.7438662	0.02284
9.7438662	0.02286
9.7438662	0.02288
9.7438662	0.0229
9.7438662	0.02292
9.7438662	0.02294
9.7438662	0.02296
9.7438662	0.02298
9.7438662	0.023
9.7438662	0.02302
9.7438662	0.02304
9.7438662	0.02306
9.7438662	0.02308
9.7438662	0.0231
9.7438662	0.02312
9.7438662	0.02314
9.7438662	0.02316
9.7438662	0.02318
9.7438662	0.0232
9.7438662	0.02322
9.7438662	0.02324
9.7438662	0.02326
9.7438662	0.02328
9.7438662	0.0233
9.7438662	0.02332
9.7438662	0.02334
9.7438662	0.02336
9.7438662	0.02338
9.7438662	0.0234
9.7438662	0.02342
9.7438662	0.02344
9.7438662	0.02346
9.7438662	0.02348
9.7438662	0.0235
9.7438662	0.02352
9.7438662	0.02354
9.7438662	0.02356
9.7438662	0.02358
9.7438662	0.0236
9.7438662	0.02362
9.7438662	0.02364
9.7438662	0.02366
9.7438662	0.02368
9.7438662	0.0237
9.7438662	0.02372
9.7438662	0.02374
9.7438662	0.02376
9.7438662	0.02378
9.7438662	0.0238
9.7438662	0.02382
9.7438662	0.02384
9.7438662	0.02386
9.7438662	0.02388
9.7438662	0.0239
9.7438662	0.02392
9.7438662	0.02394
9.7438662	0.02396
9.7438662	0.02398
9.7438662	0.024
9.7438662	0.02402
9.7438662	0.02404
9.7438662	0.02406
9.7438662	0.02408
9.7438662	0.0241
9.7438662	0.02412
9.7438662	0.02414
9.7438662	0.02416
9.7438662	0.02418
9.7438662	0.0242
9.7438662	0.02422
9.7438662	0.02424
9.7438662	0.02426
9.7438662	0.02428
9.7438662	0.0243
9.7438662	0.02432
9.7438662	0.02434
9.7438662	0.02436
9.7438662	0.02438
9.7438662	0.0244
9.7438662	0.02442
9.7438662	0.02444
9.7438662	0.02446
9.7438662	0.02448
9.7438662	0.0245
9.7438662	0.02452
9.7438662	0.02454
9.7438662	0.02456
9.7438662	0.02458
9.7438662	0.0246
9.7438662	0.02462
9.7438662	0.02464
9.7438662	0.02466
9.7438662	0.02468
9.7438662	0.0247
9.7438662	0.02472
9.7438662	0.02474
9.7438662	0.02476
9.7438662	0.02478
9.7438662	0.0248
9.7438662	0.02482
9.7438662	0.02484
9.7438662	0.02486
9.7438662	0.02488
9.7438662	0.0249
9.7438662	0.02492
9.7438662	0.02494
9.7438662	0.02496
9.7438662	0.02498
9.7438662	0.025
9.7438662	0.02502
9.7438662	0.02504
9.7438662	0.02506
9.7438662	0.02508
9.7438662	0.0251
9.7438662	0.02512
9.7438662	0.02514
9.7438662	0.02516
9.7438662	0.02518
9.7438662	0.0252
9.7438662	0.02522
9.7438662	0.02524
9.7438662	0.02526
9.7438662	0.02528
9.7438662	0.0253
9.7438662	0.02532
9.7438662	0.02534
9.7438662	0.02536
9.7438662	0.02538
9.7438662	0.0254
9.7438662	0.02542
9.7438662	0.02544
9.7438662	0.02546
9.7438662	0.02548
9.7438662	0.0255
9.7438662	0.02552
9.7438662	0.02554
9.7438662	0.02556
9.7438662	0.02558
9.7438662	0.0256
9.7438662	0.02562
9.7438662	0.02564
9.7438662	0.02566
9.7438662	0.02568
9.7438662	0.0257
9.7438662	0.02572
9.7438662	0.02574
9.7438662	0.02576
9.7438662	0.02578
9.7438662	0.0258
9.7438662	0.02582
9.7438662	0.02584
9.7438662	0.02586
9.7438662	0.02588
9.7438662	0.0259
9.7438662	0.02592
9.7438662	0.02594
9.7438662	0.02596
9.7438662	0.02598
9.7438662	0.026
9.7438662	0.02602
9.7438662	0.02604
9.7438662	0.02606
9.7438662	0.02608
9.7438662	0.0261
9.7438662	0.02612
9.7438662	0.02614
9.7438662	0.02616
9.7438662	0.02618
9.7438662	0.0262
9.7438662	0.02622
9.7438662	0.02624
9.7438662	0.02626
9.7438662	0.02628
9.7438662	0.0263
9.7438662	0.02632
9.7438662	0.02634
9.7438662	0.02636
9.7438662	0.02638
9.7438662	0.0264
9.7438662	0.02642
9.7438662	0.02644
9.7438662	0.02646
9.7438662	0.02648
9.7438662	0.0265
9.7438662	0.02652
9.7438662	0.02654
9.7438662	0.02656
9.7438662	0.02658
9.7438662	0.0266
9.7438662	0.02662
9.7438662	0.02664
9.7438662	0.02666
9.7438662	0.02668
9.7438662	0.0267
9.7438662	0.02672
9.7438662	0.02674
9.7438662	0.02676
9.7438662	0.02678
9.7438662	0.0268
9.7438662	0.02682
9.7438662	0.02684
9.7438662	0.02686
9.7438662	0.02688
9.7438662	0.0269
9.7438662	0.02692
9.7438662	0.02694
9.7438662	0.02696
9.7438662	0.02698
9.7438662	0.027
9.7438662	0.02702
9.7438662	0.02704
9.7438662	0.02706
9.7438662	0.02708
9.7438662	0.0271
9.7438662	0.02712
9.7438662	0.02714
9.7438662	0.02716
9.7438662	0.02718
9.7438662	0.0272
9.7438662	0.02722
9.7438662	0.02724
9.7438662	0.02726
9.7438662	0.02728
9.7438662	0.0273
9.7438662	0.02732
9.7438662	0.02734
9.7438662	0.02736
9.7438662	0.02738
9.7438662	0.0274
9.7438662	0.02742
9.7438662	0.02744
9.7438662	0.02746
9.7438662	0.02748
9.7438662	0.0275
9.7438662	0.02752
9.7438662	0.02754
9.7438662	0.02756
9.7438662	0.02758
9.7438662	0.0276
9.7438662	0.02762
9.7438662	0.02764
9.7438662	0.02766
9.7438662	0.02768
9.7438662	0.0277
9.7438662	0.02772
9.7438662	0.02774
9.7438662	0.02776
9.7438662	0.02778
9.7438662	0.0278
9.7438662	0.02782
9.7438662	0.02784
9.7438662	0.02786
9.7438662	0.02788
9.7438662	0.0279
9.7438662	0.02792
9.7438662	0.02794
9.7438662	0.02796
9.7438662	0.02798
9.7438662	0.028
9.7438662	0.02802
9.7438662	0.02804
9.7438662	0.02806
9.7438662	0.02808
9.7438662	0.0281
9.7438662	0.02812
9.7438662	0.02814
9.7438662	0.02816
9.7438662	0.02818
9.7438662	0.0282
9.7438662	0.02822
9.7438662	0.02824
9.7438662	0.02826
9.7438662	0.02828
9.7438662	0.0283
9.7438662	0.02832
9.7438662	0.02834
9.7438662	0.02836
9.7438662	0.02838
9.7438662	0.0284
9.7438662	0.02842
9.7438662	0.02844
9.7438662	0.02846
9.7438662	0.02848
9.7438662	0.0285
9.7438662	0.02852
9.7438662	0.02854
9.7438662	0.02856
9.7438662	0.02858
9.7438662	0.0286
9.7438662	0.02862
9.7438662	0.02864
9.7438662	0.02866
9.7438662	0.02868
9.7438662	0.0287
9.7438662	0.02872
9.7438662	0.02874
9.7438662	0.02876
9.7438662	0.02878
9.7438662	0.0288
9.7438662	0.02882
9.7438662	0.02884
9.7438662	0.02886
9.7438662	0.02888
9.7438662	0.0289
9.7438662	0.02892
9.7438662	0.02894
9.7438662	0.02896
9.7438662	0.02898
9.7438662	0.029
9.7438662	0.02902
9.7438662	0.02904
9.7438662	0.02906
9.7438662	0.02908
9.7438662	0.0291
9.7438662	0.02912
9.7438662	0.02914
9.7438662	0.02916
9.7438662	0.02918
9.7438662	0.0292
9.7438662	0.02922
9.7438662	0.02924
9.7438662	0.02926
9.7438662	0.02928
9.7438662	0.0293
9.7438662	0.02932
9.7438662	0.02934
9.7438662	0.02936
9.7438662	0.02938
9.7438662	0.0294
9.7438662	0.02942
9.7438662	0.02944
9.7438662	0.02946
9.7438662	0.02948
9.7438662	0.0295
9.7438662	0.02952
9.7438662	0.02954
9.7438662	0.02956
9.7438662	0.02958
9.7438662	0.0296
9.7438662	0.02962
9.7438662	0.02964
9.7438662	0.02966
9.7438662	0.02968
9.7438662	0.0297
9.7438662	0.02972
9.7438662	0.02974
9.7438662	0.02976
9.7438662	0.02978
9.7438662	0.0298
9.7438662	0.02982
9.7438662	0.02984
9.7438662	0.02986
9.7438662	0.02988
9.7438662	0.0299
9.7438662	0.02992
9.7438662	0.02994
9.7438662	0.02996
9.7438662	0.02998
9.7438662	0.03
9.7438662	0.03002
9.7438662	0.03004
9.7438662	0.03006
9.7438662	0.03008
9.7438662	0.0301
9.7438662	0.03012
9.7438662	0.03014
9.7438662	0.03016
9.7438662	0.03018
9.7438662	0.0302
9.7438662	0.03022
9.7438662	0.03024
9.7438662	0.03026
9.7438662	0.03028
9.7438662	0.0303
9.7438662	0.03032
9.7438662	0.03034
9.7438662	0.03036
9.7438662	0.03038
9.7438662	0.0304
9.7438662	0.03042
9.7438662	0.03044
9.7438662	0.03046
9.7438662	0.03048
9.7438662	0.0305
9.7438662	0.03052
9.7438662	0.03054
9.7438662	0.03056
9.7438662	0.03058
9.7438662	0.0306
9.7438662	0.03062
9.7438662	0.03064
9.7438662	0.03066
9.7438662	0.03068
9.7438662	0.0307
9.7438662	0.03072
9.7438662	0.03074
9.7438662	0.03076
9.7438662	0.03078
9.7438662	0.0308
9.7438662	0.03082
9.7438662	0.03084
9.7438662	0.03086
9.7438662	0.03088
9.7438662	0.0309
9.7438662	0.03092
9.7438662	0.03094
9.7438662	0.03096
9.7438662	0.03098
9.7438662	0.031
9.7438662	0.03102
9.7438662	0.03104
9.7438662	0.03106
9.7438662	0.03108
9.7438662	0.0311
9.7438662	0.03112
9.7438662	0.03114
9.7438662	0.03116
9.7438662	0.03118
9.7438662	0.0312
9.7438662	0.03122
9.7438662	0.03124
9.7438662	0.03126
9.7438662	0.03128
9.7438662	0.0313
9.7438662	0.03132
9.7438662	0.03134
9.7438662	0.03136
9.7438662	0.03138
9.7438662	0.0314
9.7438662	0.03142
9.7438662	0.03144
9.7438662	0.03146
9.7438662	0.03148
9.7438662	0.0315
9.7438662	0.03152
9.7438662	0.03154
9.7438662	0.03156
9.7438662	0.03158
9.7438662	0.0316
9.7438662	0.03162
9.7438662	0.03164
9.7438662	0.03166
9.7438662	0.03168
9.7438662	0.0317
9.7438662	0.03172
9.7438662	0.03174
9.7438662	0.03176
9.7438662	0.03178
9.7438662	0.0318
9.7438662	0.03182
9.7438662	0.03184
9.7438662	0.03186
9.7438662	0.03188
9.7438662	0.0319
9.7438662	0.03192
9.7438662	0.03194
9.7438662	0.03196
9.7438662	0.03198
9.7438662	0.032
9.7438662	0.03202
9.7438662	0.03204
9.7438662	0.03206
9.7438662	0.03208
9.7438662	0.0321
9.7438662	0.03212
9.7438662	0.03214
9.7438662	0.03216
9.7438662	0.03218
9.7438662	0.0322
9.7438662	0.03222
9.7438662	0.03224
9.7438662	0.03226
9.7438662	0.03228
9.7438662	0.0323
9.7438662	0.03232
9.7438662	0.03234
9.7438662	0.03236
9.7438662	0.03238
9.7438662	0.0324
9.7438662	0.03242
9.7438662	0.03244
9.7438662	0.03246
9.7438662	0.03248
9.7438662	0.0325
9.7438662	0.03252
9.7438662	0.03254
9.7438662	0.03256
9.7438662	0.03258
9.7438662	0.0326
9.7438662	0.03262
9.7438662	0.03264
9.7438662	0.03266
9.7438662	0.03268
9.7438662	0.0327
9.7438662	0.03272
9.7438662	0.03274
9.7438662	0.03276
9.7438662	0.03278
9.7438662	0.0328
9.7438662	0.03282
9.7438662	0.03284
9.7438662	0.03286
9.7438662	0.03288
9.7438662	0.0329
9.7438662	0.03292
9.7438662	0.03294
9.7438662	0.03296
9.7438662	0.03298
9.7438662	0.033
9.7438662	0.03302
9.7438662	0.03304
9.7438662	0.03306
9.7438662	0.03308
9.7438662	0.0331
9.7438662	0.03312
9.7438662	0.03314
9.7438662	0.03316
9.7438662	0.03318
9.7438662	0.0332
9.7438662	0.03322
9.7438662	0.03324
9.7438662	0.03326
9.7438662	0.03328
9.7438662	0.0333
9.7438662	0.03332
9.7438662	0.03334
9.7438662	0.03336
9.7438662	0.03338
9.7438662	0.0334
9.7438662	0.03342
9.7438662	0.03344
9.7438662	0.03346
9.7438662	0.03348
9.7438662	0.0335
9.7438662	0.03352
9.7438662	0.03354
9.7438662	0.03356
9.7438662	0.03358
9.7438662	0.0336
9.7438662	0.03362
9.7438662	0.03364
9.7438662	0.03366
9.7438662	0.03368
9.7438662	0.0337
9.7438662	0.03372
9.7438662	0.03374
9.7438662	0.03376
9.7438662	0.03378
9.7438662	0.0338
9.7438662	0.03382
9.7438662	0.03384
9.7438662	0.03386
9.7438662	0.03388
9.7438662	0.0339
9.7438662	0.03392
9.7438662	0.03394
9.7438662	0.03396
9.7438662	0.03398
9.7438662	0.034
9.7438662	0.03402
9.7438662	0.03404
9.7438662	0.03406
9.7438662	0.03408
9.7438662	0.0341
9.7438662	0.03412
9.7438662	0.03414
9.7438662	0.03416
9.7438662	0.03418
9.7438662	0.0342
9.7438662	0.03422
9.7438662	0.03424
9.7438662	0.03426
9.7438662	0.03428
9.7438662	0.0343
9.7438662	0.03432
9.7438662	0.03434
9.7438662	0.03436
9.7438662	0.03438
9.7438662	0.0344
9.7438662	0.03442
9.7438662	0.03444
9.7438662	0.03446
9.7438662	0.03448
9.7438662	0.0345
9.7438662	0.03452
9.7438662	0.03454
9.7438662	0.03456
9.7438662	0.03458
9.7438662	0.0346
9.7438662	0.03462
9.7438662	0.03464
9.7438662	0.03466
9.7438662	0.03468
9.7438662	0.0347
9.7438662	0.03472
9.7438662	0.03474
9.7438662	0.03476
9.7438662	0.03478
9.7438662	0.0348
9.7438662	0.03482
9.7438662	0.03484
9.7438662	0.03486
9.7438662	0.03488
9.7438662	0.0349
9.7438662	0.03492
9.7438662	0.03494
9.7438662	0.03496
9.7438662	0.03498
9.7438662	0.035
9.7438662	0.03502
9.7438662	0.03504
9.7438662	0.03506
9.7438662	0.03508
9.7438662	0.0351
9.7438662	0.03512
9.7438662	0.03514
9.7438662	0.03516
9.7438662	0.03518
9.7438662	0.0352
9.7438662	0.03522
9.7438662	0.03524
9.7438662	0.03526
9.7438662	0.03528
9.7438662	0.0353
9.7438662	0.03532
9.7438662	0.03534
9.7438662	0.03536
9.7438662	0.03538
9.7438662	0.0354
9.7438662	0.03542
9.7438662	0.03544
9.7438662	0.03546
9.7438662	0.03548
9.7438662	0.0355
9.7438662	0.03552
9.7438662	0.03554
9.7438662	0.03556
9.7438662	0.03558
9.7438662	0.0356
9.7438662	0.03562
9.7438662	0.03564
9.7438662	0.03566
9.7438662	0.03568
9.7438662	0.0357
9.7438662	0.03572
9.7438662	0.03574
9.7438662	0.03576
9.7438662	0.03578
9.7438662	0.0358
9.7438662	0.03582
9.7438662	0.03584
9.7438662	0.03586
9.7438662	0.03588
9.7438662	0.0359
9.7438662	0.03592
9.7438662	0.03594
9.7438662	0.03596
9.7438662	0.03598
9.7438662	0.036
9.7438662	0.03602
9.7438662	0.03604
9.7438662	0.03606
9.7438662	0.03608
9.7438662	0.0361
9.7438662	0.03612
9.7438662	0.03614
9.7438662	0.03616
9.7438662	0.03618
9.7438662	0.0362
9.7438662	0.03622
9.7438662	0.03624
9.7438662	0.03626
9.7438662	0.03628
9.7438662	0.0363
9.7438662	0.03632
9.7438662	0.03634
9.7438662	0.03636
9.7438662	0.03638
9.7438662	0.0364
9.7438662	0.03642
9.7438662	0.03644
9.7438662	0.03646
9.7438662	0.03648
9.7438662	0.0365
9.7438662	0.03652
9.7438662	0.03654
9.7438662	0.03656
9.7438662	0.03658
9.7438662	0.0366
9.7438662	0.03662
9.7438662	0.03664
9.7438662	0.03666
9.7438662	0.03668
9.7438662	0.0367
9.7438662	0.03672
9.7438662	0.03674
9.7438662	0.03676
9.7438662	0.03678
9.7438662	0.0368
9.7438662	0.03682
9.7438662	0.03684
9.7438662	0.03686
9.7438662	0.03688
9.7438662	0.0369
9.7438662	0.03692
9.7438662	0.03694
9.7438662	0.03696
9.7438662	0.03698
9.7438662	0.037
9.7438662	0.03702
9.7438662	0.03704
9.7438662	0.03706
9.7438662	0.03708
9.7438662	0.0371
9.7438662	0.03712
9.7438662	0.03714
9.7438662	0.03716
9.7438662	0.03718
9.7438662	0.0372
9.7438662	0.03722
9.7438662	0.03724
9.7438662	0.03726
9.7438662	0.03728
9.7438662	0.0373
9.7438662	0.03732
9.7438662	0.03734
9.7438662	0.03736
9.7438662	0.03738
9.7438662	0.0374
9.7438662	0.03742
9.7438662	0.03744
9.7438662	0.03746
9.7438662	0.03748
9.7438662	0.0375
9.7438662	0.03752
9.7438662	0.03754
9.7438662	0.03756
9.7438662	0.03758
9.7438662	0.0376
9.7438662	0.03762
9.7438662	0.03764
9.7438662	0.03766
9.7438662	0.03768
9.7438662	0.0377
9.7438662	0.03772
9.7438662	0.03774
9.7438662	0.03776
9.7438662	0.03778
9.7438662	0.0378
9.7438662	0.03782
9.7438662	0.03784
9.7438662	0.03786
9.7438662	0.03788
9.7438662	0.0379
9.7438662	0.03792
9.7438662	0.03794
9.7438662	0.03796
9.7438662	0.03798
9.7438662	0.038
9.7438662	0.03802
9.7438662	0.03804
9.7438662	0.03806
9.7438662	0.03808
9.7438662	0.0381
9.7438662	0.03812
9.7438662	0.03814
9.7438662	0.03816
9.7438662	0.03818
9.7438662	0.0382
9.7438662	0.03822
9.7438662	0.03824
9.7438662	0.03826
9.7438662	0.03828
9.7438662	0.0383
9.7438662	0.03832
9.7438662	0.03834
9.7438662	0.03836
9.7438662	0.03838
9.7438662	0.0384
9.7438662	0.03842
9.7438662	0.03844
9.7438662	0.03846
9.7438662	0.03848
9.7438662	0.0385
9.7438662	0.03852
9.7438662	0.03854
9.7438662	0.03856
9.7438662	0.03858
9.7438662	0.0386
9.7438662	0.03862
9.7438662	0.03864
9.7438662	0.03866
9.7438662	0.03868
9.7438662	0.0387
9.7438662	0.03872
9.7438662	0.03874
9.7438662	0.03876
9.7438662	0.03878
9.7438662	0.0388
9.7438662	0.03882
9.7438662	0.03884
9.7438662	0.03886
9.7438662	0.03888
9.7438662	0.0389
9.7438662	0.03892
9.7438662	0.03894
9.7438662	0.03896
9.7438662	0.03898
9.7438662	0.039
9.7438662	0.03902
9.7438662	0.03904
9.7438662	0.03906
9.7438662	0.03908
9.7438662	0.0391
9.7438662	0.03912
9.7438662	0.03914
9.7438662	0.03916
9.7438662	0.03918
9.7438662	0.0392
9.7438662	0.03922
9.7438662	0.03924
9.7438662	0.03926
9.7438662	0.03928
9.7438662	0.0393
9.7438662	0.03932
9.7438662	0.03934
9.7438662	0.03936
9.7438662	0.03938
9.7438662	0.0394
9.7438662	0.03942
9.7438662	0.03944
9.7438662	0.03946
9.7438662	0.03948
9.7438662	0.0395
9.7438662	0.03952
9.7438662	0.03954
9.7438662	0.03956
9.7438662	0.03958
9.7438662	0.0396
9.7438662	0.03962
9.7438662	0.03964
9.7438662	0.03966
9.7438662	0.03968
9.7438662	0.0397
9.7438662	0.03972
9.7438662	0.03974
9.7438662	0.03976
9.7438662	0.03978
9.7438662	0.0398
9.7438662	0.03982
9.7438662	0.03984
9.7438662	0.03986
9.7438662	0.03988
9.7438662	0.0399
9.7438662	0.03992
9.7438662	0.03994
9.7438662	0.03996
9.7438662	0.03998
9.7438662	0.04
9.7438662	0.04002
9.7438662	0.04004
9.7438662	0.04006
9.7438662	0.04008
9.7438662	0.0401
9.7438662	0.04012
9.7438662	0.04014
9.7438662	0.04016
9.7438662	0.04018
9.7438662	0.0402
9.7438662	0.04022
9.7438662	0.04024
9.7438662	0.04026
9.7438662	0.04028
9.7438662	0.0403
9.7438662	0.04032
9.7438662	0.04034
9.7438662	0.04036
9.7438662	0.04038
9.7438662	0.0404
9.7438662	0.04042
9.7438662	0.04044
9.7438662	0.04046
9.7438662	0.04048
9.7438662	0.0405
9.7438662	0.04052
9.7438662	0.04054
9.7438662	0.04056
9.7438662	0.04058
9.7438662	0.0406
9.7438662	0.04062
9.7438662	0.04064
9.7438662	0.04066
9.7438662	0.04068
9.7438662	0.0407
9.7438662	0.04072
9.7438662	0.04074
9.7438662	0.04076
9.7438662	0.04078
9.7438662	0.0408
9.7438662	0.04082
9.7438662	0.04084
9.7438662	0.04086
9.7438662	0.04088
9.7438662	0.0409
9.7438662	0.04092
9.7438662	0.04094
9.7438662	0.04096
9.7438662	0.04098
9.7438662	0.041
9.7438662	0.04102
9.7438662	0.04104
9.7438662	0.04106
9.7438662	0.04108
9.7438662	0.0411
9.7438662	0.04112
9.7438662	0.04114
9.7438662	0.04116
9.7438662	0.04118
9.7438662	0.0412
9.7438662	0.04122
9.7438662	0.04124
9.7438662	0.04126
9.7438662	0.04128
9.7438662	0.0413
9.7438662	0.04132
9.7438662	0.04134
9.7438662	0.04136
9.7438662	0.04138
9.7438662	0.0414
9.7438662	0.04142
9.7438662	0.04144
9.7438662	0.04146
9.7438662	0.04148
9.7438662	0.0415
9.7438662	0.04152
9.7438662	0.04154
9.7438662	0.04156
9.7438662	0.04158
9.7438662	0.0416
9.7438662	0.04162
9.7438662	0.04164
9.7438662	0.04166
9.7438662	0.04168
9.7438662	0.0417
9.7438662	0.04172
9.7438662	0.04174
9.7438662	0.04176
9.7438662	0.04178
9.7438662	0.0418
9.7438662	0.04182
9.7438662	0.04184
9.7438662	0.04186
9.7438662	0.04188
9.7438662	0.0419
9.7438662	0.04192
9.7438662	0.04194
9.7438662	0.04196
9.7438662	0.04198
9.7438662	0.042
9.7438662	0.04202
9.7438662	0.04204
9.7438662	0.04206
9.7438662	0.04208
9.7438662	0.0421
9.7438662	0.04212
9.7438662	0.04214
9.7438662	0.04216
9.7438662	0.04218
9.7438662	0.0422
9.7438662	0.04222
9.7438662	0.04224
9.7438662	0.04226
9.7438662	0.04228
9.7438662	0.0423
9.7438662	0.04232
9.7438662	0.04234
9.7438662	0.04236
9.7438662	0.04238
9.7438662	0.0424
9.7438662	0.04242
9.7438662	0.04244
9.7438662	0.04246
9.7438662	0.04248
9.7438662	0.0425
9.7438662	0.04252
9.7438662	0.04254
9.7438662	0.04256
9.7438662	0.04258
9.7438662	0.0426
9.7438662	0.04262
9.7438662	0.04264
9.7438662	0.04266
9.7438662	0.04268
9.7438662	0.0427
9.7438662	0.04272
9.7438662	0.04274
9.7438662	0.04276
9.7438662	0.04278
9.7438662	0.0428
9.7438662	0.04282
9.7438662	0.04284
9.7438662	0.04286
9.7438662	0.04288
9.7438662	0.0429
9.7438662	0.04292
9.7438662	0.04294
9.7438662	0.04296
9.7438662	0.04298
9.7438662	0.043
9.7438662	0.04302
9.7438662	0.04304
9.7438662	0.04306
9.7438662	0.04308
9.7438662	0.0431
9.7438662	0.04312
9.7438662	0.04314
9.7438662	0.04316
9.7438662	0.04318
9.7438662	0.0432
9.7438662	0.04322
9.7438662	0.04324
9.7438662	0.04326
9.7438662	0.04328
9.7438662	0.0433
9.7438662	0.04332
9.7438662	0.04334
9.7438662	0.04336
9.7438662	0.04338
9.7438662	0.0434
9.7438662	0.04342
9.7438662	0.04344
9.7438662	0.04346
9.7438662	0.04348
9.7438662	0.0435
9.7438662	0.04352
9.7438662	0.04354
9.7438662	0.04356
9.7438662	0.04358
9.7438662	0.0436
9.7438662	0.04362
9.7438662	0.04364
9.7438662	0.04366
9.7438662	0.04368
9.7438662	0.0437
9.7438662	0.04372
9.7438662	0.04374
9.7438662	0.04376
9.7438662	0.04378
9.7438662	0.0438
9.7438662	0.04382
9.7438662	0.04384
9.7438662	0.04386
9.7438662	0.04388
9.7438662	0.0439
9.7439295	0.04392
9.7439295	0.04394
9.7439295	0.04396
9.7439295	0.04398
9.7439295	0.044
9.7439295	0.04402
9.7439295	0.04404
9.7439295	0.04406
9.7439295	0.04408
9.7439295	0.0441
9.7439295	0.04412
9.7439295	0.04414
9.7439295	0.04416
9.7439295	0.04418
9.7439295	0.0442
9.7439295	0.04422
9.7439295	0.04424
9.7439295	0.04426
9.7439295	0.04428
9.7439295	0.0443
9.7439295	0.04432
9.7439295	0.04434
9.7439295	0.04436
9.7439295	0.04438
9.7439295	0.0444
9.7439295	0.04442
9.7439295	0.04444
9.7439295	0.04446
9.7439295	0.04448
9.7439295	0.0445
9.7439295	0.04452
9.7439295	0.04454
9.7439295	0.04456
9.7439295	0.04458
9.7439295	0.0446
9.7439295	0.04462
9.7439295	0.04464
9.7439295	0.04466
9.7439295	0.04468
9.7439295	0.0447
9.7439295	0.04472
9.7439295	0.04474
9.7439295	0.04476
9.7439295	0.04478
9.7439295	0.0448
9.7439295	0.04482
9.7439295	0.04484
9.7439295	0.04486
9.7439295	0.04488
9.7439295	0.0449
9.7439295	0.04492
9.7439295	0.04494
9.7439295	0.04496
9.7439295	0.04498
9.7439295	0.045
9.7439295	0.04502
9.7439295	0.04504
9.7439295	0.04506
9.7439295	0.04508
9.7439295	0.0451
9.7439295	0.04512
9.7439295	0.04514
9.7439295	0.04516
9.7439295	0.04518
9.7439295	0.0452
9.7439295	0.04522
9.7439295	0.04524
9.7439295	0.04526
9.7439295	0.04528
9.7439295	0.0453
9.7439295	0.04532
9.7439295	0.04534
9.7439295	0.04536
9.7439295	0.04538
9.7439295	0.0454
9.7439295	0.04542
9.7439295	0.04544
9.7439295	0.04546
9.7439295	0.04548
9.7439295	0.0455
9.7439295	0.04552
9.7439295	0.04554
9.7439295	0.04556
9.7439295	0.04558
9.7439295	0.0456
9.7439295	0.04562
9.7439928	0.04564
9.7439928	0.04566
9.7439928	0.04568
9.7439928	0.0457
9.7439928	0.04572
9.7439928	0.04574
9.7439928	0.04576
9.7439928	0.04578
9.7439928	0.0458
9.7439928	0.04582
9.7439928	0.04584
9.7439928	0.04586
9.7439928	0.04588
9.7439928	0.0459
9.7439928	0.04592
9.7439928	0.04594
9.7439928	0.04596
9.7439928	0.04598
9.7439928	0.046
9.7439928	0.04602
9.7439928	0.04604
9.7439928	0.04606
9.7439928	0.04608
9.7439928	0.0461
9.7439928	0.04612
9.7439928	0.04614
9.7439928	0.04616
9.7439928	0.04618
9.7439928	0.0462
9.7439928	0.04622
9.7439928	0.04624
9.7439928	0.04626
9.7439928	0.04628
9.7439928	0.0463
9.7439928	0.04632
9.7439928	0.04634
9.7439928	0.04636
9.7439928	0.04638
9.7439928	0.0464
9.7439928	0.04642
9.7440561	0.04644
9.7440561	0.04646
9.7440561	0.04648
9.7440561	0.0465
9.7440561	0.04652
9.7440561	0.04654
9.7440561	0.04656
9.7440561	0.04658
9.7440561	0.0466
9.7440561	0.04662
9.7440561	0.04664
9.7440561	0.04666
9.7440561	0.04668
9.7440561	0.0467
9.7440561	0.04672
9.7440561	0.04674
9.7440561	0.04676
9.7440561	0.04678
9.7440561	0.0468
9.7440561	0.04682
9.7440561	0.04684
9.7440561	0.04686
9.7440561	0.04688
9.7440561	0.0469
9.7440561	0.04692
9.7440561	0.04694
9.7440561	0.04696
9.7440561	0.04698
9.7441194	0.047
9.7441194	0.04702
9.7441194	0.04704
9.7441194	0.04706
9.7441194	0.04708
9.7441194	0.0471
9.7441194	0.04712
9.7441194	0.04714
9.7441194	0.04716
9.7441194	0.04718
9.7441194	0.0472
9.7441194	0.04722
9.7441194	0.04724
9.7441194	0.04726
9.7441194	0.04728
9.7441194	0.0473
9.7441194	0.04732
9.7441194	0.04734
9.7441194	0.04736
9.7441194	0.04738
9.7441194	0.0474
9.7441827	0.04742
9.7441827	0.04744
9.7441827	0.04746
9.7441827	0.04748
9.7441827	0.0475
9.7441827	0.04752
9.7441827	0.04754
9.7441827	0.04756
9.7441827	0.04758
9.7441827	0.0476
9.7441827	0.04762
9.7441827	0.04764
9.7441827	0.04766
9.7441827	0.04768
9.7441827	0.0477
9.7441827	0.04772
9.7441827	0.04774
9.7442460	0.04776
9.7442460	0.04778
9.7442460	0.0478
9.7442460	0.04782
9.7442460	0.04784
9.7442460	0.04786
9.7442460	0.04788
9.7442460	0.0479
9.7442460	0.04792
9.7442460	0.04794
9.7442460	0.04796
9.7442460	0.04798
9.7442460	0.048
9.7442460	0.04802
9.7443093	0.04804
9.7443093	0.04806
9.7443093	0.04808
9.7443093	0.0481
9.7443093	0.04812
9.7443093	0.04814
9.7443093	0.04816
9.7443093	0.04818
9.7443093	0.0482
9.7443093	0.04822
9.7443093	0.04824
9.7443093	0.04826
9.7443093	0.04828
9.7443726	0.0483
9.7443726	0.04832
9.7443726	0.04834
9.7443726	0.04836
9.7443726	0.04838
9.7443726	0.0484
9.7443726	0.04842
9.7443726	0.04844
9.7443726	0.04846
9.7443726	0.04848
9.7443726	0.0485
9.7444359	0.04852
9.7444359	0.04854
9.7444359	0.04856
9.7444359	0.04858
9.7444359	0.0486
9.7444359	0.04862
9.7444359	0.04864
9.7444359	0.04866
9.7444359	0.04868
9.7444359	0.0487
9.7444992	0.04872
9.7444992	0.04874
9.7444992	0.04876
9.7444992	0.04878
9.7444992	0.0488
9.7444992	0.04882
9.7444992	0.04884
9.7444992	0.04886
9.7444992	0.04888
9.7445625	0.0489
9.7445625	0.04892
9.7445625	0.04894
9.7445625	0.04896
9.7445625	0.04898
9.7445625	0.049
9.7445625	0.04902
9.7445625	0.04904
9.7445625	0.04906
9.7446258	0.04908
9.7446258	0.0491
9.7446258	0.04912
9.7446258	0.04914
9.7446258	0.04916
9.7446258	0.04918
9.7446258	0.0492
9.7446891	0.04922
9.7446891	0.04924
9.7446891	0.04926
9.7446891	0.04928
9.7446891	0.0493
9.7446891	0.04932
9.7446891	0.04934
9.7447525	0.04936
9.7447525	0.04938
9.7447525	0.0494
9.7447525	0.04942
9.7447525	0.04944
9.7447525	0.04946
9.7447525	0.04948
9.7448158	0.0495
9.7448158	0.04952
9.7448158	0.04954
9.7448158	0.04956
9.7448158	0.04958
9.7448158	0.0496
9.7448158	0.04962
9.7448791	0.04964
9.7448791	0.04966
9.7448791	0.04968
9.7448791	0.0497
9.7448791	0.04972
9.7449424	0.04974
9.7449424	0.04976
9.7449424	0.04978
9.7449424	0.0498
9.7449424	0.04982
9.7449424	0.04984
9.7450057	0.04986
9.7450057	0.04988
9.7450057	0.0499
9.7450057	0.04992
9.7450057	0.04994
9.7450057	0.04996
9.7450690	0.04998
9.7450690	0.05
9.7450690	0.05002
9.7450690	0.05004
9.7450690	0.05006
9.7451323	0.05008
9.7451323	0.0501
9.7451323	0.05012
9.7451323	0.05014
9.7451323	0.05016
9.7451956	0.05018
9.7451956	0.0502
9.7451956	0.05022
9.7451956	0.05024
9.7452589	0.05026
9.7452589	0.05028
9.7452589	0.0503
9.7452589	0.05032
9.7452589	0.05034
9.7453222	0.05036
9.7453222	0.05038
9.7453222	0.0504
9.7453222	0.05042
9.7453856	0.05044
9.7453856	0.05046
9.7453856	0.05048
9.7453856	0.0505
9.7454489	0.05052
9.7454489	0.05054
9.7454489	0.05056
9.7454489	0.05058
9.7455122	0.0506
9.7455122	0.05062
9.7455122	0.05064
9.7455122	0.05066
9.7455755	0.05068
9.7455755	0.0507
9.7455755	0.05072
9.7455755	0.05074
9.7456388	0.05076
9.7456388	0.05078
9.7456388	0.0508
9.7456388	0.05082
9.7457021	0.05084
9.7457021	0.05086
9.7457021	0.05088
9.7457655	0.0509
9.7457655	0.05092
9.7457655	0.05094
9.7457655	0.05096
9.7458288	0.05098
9.7458288	0.051
9.7458288	0.05102
9.7458921	0.05104
9.7458921	0.05106
9.7458921	0.05108
9.7459554	0.0511
9.7459554	0.05112
9.7459554	0.05114
9.7460188	0.05116
9.7460188	0.05118
9.7460188	0.0512
9.7460821	0.05122
9.7460821	0.05124
9.7460821	0.05126
9.7461454	0.05128
9.7461454	0.0513
9.7461454	0.05132
9.7462087	0.05134
9.7462087	0.05136
9.7462087	0.05138
9.7462721	0.0514
9.7462721	0.05142
9.7462721	0.05144
9.7463354	0.05146
9.7463354	0.05148
9.7463354	0.0515
9.7463987	0.05152
9.7463987	0.05154
9.7464620	0.05156
9.7464620	0.05158
9.7464620	0.0516
9.7465254	0.05162
9.7465254	0.05164
#VALUE!	0.05166
#VALUE!	0.05168
#VALUE!	0.0517
9.7466520	0.05172
9.7466520	0.05174
9.7467154	0.05176
9.7467154	0.05178
9.7467154	0.0518
9.7467787	0.05182
9.7467787	0.05184
9.7468420	0.05186
9.7468420	0.05188
9.7469054	0.0519
9.7469054	0.05192
9.7469054	0.05194
9.7469687	0.05196
9.7469687	0.05198
9.7470320	0.052
9.7470320	0.05202
9.7470954	0.05204
9.7470954	0.05206
9.7471587	0.05208
9.7471587	0.0521
9.7472220	0.05212
9.7472220	0.05214
9.7472854	0.05216
9.7472854	0.05218
9.7473487	0.0522
9.7473487	0.05222
9.7474121	0.05224
9.7474121	0.05226
9.7474754	0.05228
9.7474754	0.0523
9.7475387	0.05232
9.7475387	0.05234
9.7476021	0.05236
9.7476021	0.05238
9.7476654	0.0524
9.7476654	0.05242
9.7477288	0.05244
9.7477288	0.05246
9.7477921	0.05248
9.7477921	0.0525
9.7478555	0.05252
9.7479188	0.05254
9.7479188	0.05256
9.7479822	0.05258
9.7479822	0.0526
9.7480455	0.05262
9.7480455	0.05264
9.7481089	0.05266
9.7481722	0.05268
9.7481722	0.0527
9.7482356	0.05272
9.7482356	0.05274
9.7482989	0.05276
9.7483623	0.05278
9.7483623	0.0528
9.7484256	0.05282
9.7484890	0.05284
9.7484890	0.05286
9.7485523	0.05288
9.7485523	0.0529
9.7486157	0.05292
9.7486791	0.05294
9.7486791	0.05296
9.7487424	0.05298
9.7488058	0.053
9.7488058	0.05302
9.7488691	0.05304
9.7489325	0.05306
9.7489325	0.05308
9.7489959	0.0531
9.7490592	0.05312
9.7491226	0.05314
9.7491226	0.05316
9.7491859	0.05318
9.7492493	0.0532
9.7492493	0.05322
9.7493127	0.05324
9.7493760	0.05326
9.7494394	0.05328
9.7494394	0.0533
9.7495028	0.05332
9.7495661	0.05334
9.7496295	0.05336
9.7496295	0.05338
9.7496929	0.0534
9.7497563	0.05342
9.7498196	0.05344
9.7498830	0.05346
9.7498830	0.05348
9.7499464	0.0535
9.7500098	0.05352
9.7500731	0.05354
9.7501365	0.05356
9.7501365	0.05358
9.7501999	0.0536
9.7502633	0.05362
9.7503266	0.05364
9.7503900	0.05366
9.7504534	0.05368
9.7505168	0.0537
9.7505168	0.05372
9.7505802	0.05374
9.7506435	0.05376
9.7507069	0.05378
9.7507703	0.0538
9.7508337	0.05382
9.7508971	0.05384
9.7509605	0.05386
9.7510239	0.05388
9.7510872	0.0539
9.7511506	0.05392
9.7512140	0.05394
9.7512140	0.05396
9.7512774	0.05398
9.7513408	0.054
9.7514042	0.05402
9.7514676	0.05404
9.7515310	0.05406
9.7515944	0.05408
9.7516578	0.0541
9.7517212	0.05412
9.7517846	0.05414
9.7518480	0.05416
9.7519114	0.05418
9.7519748	0.0542
9.7520382	0.05422
9.7521650	0.05424
9.7522284	0.05426
9.7522918	0.05428
9.7523552	0.0543
9.7524186	0.05432
9.7524820	0.05434
9.7525454	0.05436
9.7526088	0.05438
9.7526722	0.0544
9.7527356	0.05442
9.7527991	0.05444
#VALUE!	0.05446
9.7529893	0.05448
9.7530527	0.0545
9.7531161	0.05452
9.7531795	0.05454
9.7532430	0.05456
9.7533698	0.05458
9.7534332	0.0546
9.7534966	0.05462
9.7535600	0.05464
9.7536235	0.05466
9.7537503	0.05468
9.7538137	0.0547
9.7538772	0.05472
9.7539406	0.05474
9.7540674	0.05476
9.7541309	0.05478
9.7541943	0.0548
9.7542577	0.05482
9.7543846	0.05484
9.7544480	0.05486
9.7545115	0.05488
9.7546383	0.0549
9.7547018	0.05492
9.7547652	0.05494
9.7548921	0.05496
9.7549555	0.05498
9.7550190	0.055
9.7551458	0.05502
9.7552093	0.05504
9.7552727	0.05506
9.7553996	0.05508
9.7554631	0.0551
9.7555900	0.05512
9.7556534	0.05514
9.7557169	0.05516
9.7558438	0.05518
9.7559072	0.0552
9.7560341	0.05522
9.7560976	0.05524
9.7562245	0.05526
9.7562879	0.05528
9.7564148	0.0553
9.7564783	0.05532
9.7566052	0.05534
9.7566687	0.05536
9.7567956	0.05538
9.7568591	0.0554
9.7569860	0.05542
9.7571129	0.05544
9.7571764	0.05546
9.7573033	0.05548
9.7573668	0.0555
9.7574938	0.05552
9.7576207	0.05554
9.7576842	0.05556
9.7578111	0.05558
9.7578746	0.0556
9.7580016	0.05562
9.7581285	0.05564
9.7582555	0.05566
9.7583190	0.05568
9.7584459	0.0557
9.7585729	0.05572
9.7586364	0.05574
9.7587634	0.05576
9.7588903	0.05578
9.7590173	0.0558
9.7590808	0.05582
9.7592078	0.05584
9.7593348	0.05586
9.7594618	0.05588
9.7595888	0.0559
9.7596523	0.05592
9.7597793	0.05594
9.7599063	0.05596
9.7600333	0.05598
9.7601603	0.056
9.7602873	0.05602
9.7604144	0.05604
9.7605414	0.05606
9.7606684	0.05608
9.7607319	0.0561
9.7608590	0.05612
9.7609860	0.05614
9.7611130	0.05616
9.7612401	0.05618
9.7613671	0.0562
9.7614942	0.05622
9.7616212	0.05624
9.7617483	0.05626
9.7618753	0.05628
9.7620659	0.0563
9.7621930	0.05632
9.7623200	0.05634
9.7624471	0.05636
9.7625742	0.05638
9.7627013	0.0564
9.7628284	0.05642
9.7629554	0.05644
9.7630825	0.05646
9.7632732	0.05648
9.7634003	0.0565
9.7635274	0.05652
9.7636545	0.05654
9.7637816	0.05656
9.7639722	0.05658
9.7640994	0.0566
9.7642265	0.05662
9.7644172	0.05664
9.7645443	0.05666
9.7646714	0.05668
9.7647986	0.0567
9.7649893	0.05672
9.7651164	0.05674
9.7653071	0.05676
9.7654343	0.05678
9.7655614	0.0568
9.7657522	0.05682
9.7658793	0.05684
9.7660701	0.05686
9.7661972	0.05688
9.7663880	0.0569
9.7665152	0.05692
9.7666424	0.05694
9.7668331	0.05696
9.7670239	0.05698
9.7671511	0.057
9.7673419	0.05702
9.7674691	0.05704
9.7676599	0.05706
9.7677871	0.05708
9.7679780	0.0571
9.7681688	0.05712
9.7682960	0.05714
9.7684869	0.05716
9.7686777	0.05718
9.7688049	0.0572
9.7689958	0.05722
9.7691867	0.05724
9.7693776	0.05726
9.7695048	0.05728
9.7696957	0.0573
9.7698866	0.05732
9.7700775	0.05734
9.7702684	0.05736
9.7703957	0.05738
9.7705866	0.0574
9.7707776	0.05742
9.7709685	0.05744
9.7711594	0.05746
9.7713504	0.05748
9.7715414	0.0575
9.7717323	0.05752
9.7719233	0.05754
9.7721143	0.05756
9.7723053	0.05758
9.7724963	0.0576
9.7726873	0.05762
9.7728783	0.05764
9.7730693	0.05766
9.7732604	0.05768
9.7734514	0.0577
9.7736424	0.05772
9.7738335	0.05774
9.7740882	0.05776
9.7742793	0.05778
9.7744704	0.0578
9.7746615	0.05782
9.7748526	0.05784
9.7751074	0.05786
9.7752985	0.05788
9.7754896	0.0579
9.7756807	0.05792
9.7759356	0.05794
9.7761267	0.05796
9.7763816	0.05798
9.7765727	0.058
9.7767639	0.05802
9.7770188	0.05804
9.7772100	0.05806
9.7774649	0.05808
9.7776561	0.0581
9.7779110	0.05812
9.7781023	0.05814
#VALUE!	0.05816
9.7785485	0.05818
9.7788035	0.0582
9.7789947	0.05822
9.7792497	0.05824
9.7795048	0.05826
9.7796960	0.05828
9.7799511	0.0583
9.7802062	0.05832
9.7803975	0.05834
9.7806526	0.05836
9.7809077	0.05838
9.7811628	0.0584
9.7813541	0.05842
9.7816093	0.05844
9.7818644	0.05846
9.7821196	0.05848
9.7823748	0.0585
9.7826300	0.05852
9.7828852	0.05854
9.7831404	0.05856
9.7833956	0.05858
9.7836509	0.0586
9.7839061	0.05862
9.7841614	0.05864
9.7844167	0.05866
9.7846720	0.05868
9.7849273	0.0587
9.7851826	0.05872
9.7854380	0.05874
9.7856933	0.05876
9.7859487	0.05878
9.7862679	0.0588
9.7865233	0.05882
9.7867787	0.05884
9.7870341	0.05886
9.7873534	0.05888
9.7876089	0.0589
9.7878644	0.05892
9.7881837	0.05894
9.7884392	0.05896
9.7886947	0.05898
9.7890141	0.059
9.7892697	0.05902
9.7895891	0.05904
9.7898447	0.05906
9.7901641	0.05908
9.7904197	0.0591
9.7907393	0.05912
9.7909949	0.05914
9.7913145	0.05916
9.7916340	0.05918
9.7918897	0.0592
9.7922093	0.05922
9.7925290	0.05924
9.7927847	0.05926
9.7931043	0.05928
9.7934240	0.0593
9.7937438	0.05932
9.7940635	0.05934
9.7943832	0.05936
9.7946391	0.05938
9.7949589	0.0594
9.7952787	0.05942
9.7955985	0.05944
9.7959184	0.05946
9.7962382	0.05948
9.7965581	0.0595
9.7968781	0.05952
9.7971980	0.05954
#VALUE!	0.05956
9.7979019	0.05958
9.7982219	0.0596
9.7985420	0.05962
9.7988620	0.05964
9.7991821	0.05966
9.7995662	0.05968
9.7998863	0.0597
9.8002065	0.05972
9.8005906	0.05974
9.8009108	0.05976
9.8012310	0.05978
9.8016153	0.0598
9.8019356	0.05982
9.8023199	0.05984
9.8026402	0.05986
9.8030246	0.05988
9.8033449	0.0599
9.8037293	0.05992
9.8041138	0.05994
9.8044342	0.05996
9.8048187	0.05998
9.8052033	0.06
9.8055238	0.06002
9.8059084	0.06004
9.8062930	0.06006
9.8066777	0.06008
9.8070624	0.0601
9.8073830	0.06012
9.8077678	0.06014
9.8081525	0.06016
9.8085374	0.06018
9.8089222	0.0602
9.8093071	0.06022
9.8096920	0.06024
9.8100769	0.06026
9.8104619	0.06028
9.8109110	0.0603
9.8112961	0.06032
9.8116811	0.06034
9.8120662	0.06036
9.8124513	0.06038
9.8129007	0.0604
9.8132859	0.06042
9.8136711	0.06044
9.8141206	0.06046
9.8145058	0.06048
9.8148912	0.0605
9.8153407	0.06052
9.8157261	0.06054
9.8161757	0.06056
9.8165612	0.06058
9.8170109	0.0606
9.8174607	0.06062
9.8178462	0.06064
9.8182961	0.06066
9.8187459	0.06068
9.8191316	0.0607
9.8195816	0.06072
9.8200316	0.06074
9.8204816	0.06076
9.8209317	0.06078
9.8213818	0.0608
9.8218320	0.06082
9.8222822	0.06084
9.8227324	0.06086
#VALUE!	0.06088
9.8236330	0.0609
9.8240834	0.06092
9.8245338	0.06094
9.8249843	0.06096
9.8254348	0.06098
9.8258853	0.061
9.8264003	0.06102
9.8268509	0.06104
9.8273016	0.06106
9.8278167	0.06108
9.8282674	0.0611
9.8287826	0.06112
9.8292335	0.06114
9.8297488	0.06116
9.8301997	0.06118
9.8307151	0.0612
9.8311661	0.06122
9.8316816	0.06124
9.8321972	0.06126
9.8326483	0.06128
9.8331640	0.0613
9.8336797	0.06132
9.8341955	0.06134
9.8346468	0.06136
9.8351627	0.06138
9.8356786	0.0614
9.8361946	0.06142
9.8367106	0.06144
9.8372267	0.06146
9.8377428	0.06148
9.8382590	0.0615
9.8388398	0.06152
9.8393561	0.06154
9.8398725	0.06156
9.8403889	0.06158
9.8409054	0.0616
9.8414865	0.06162
9.8420030	0.06164
#VALUE!	0.06166
9.8431010	0.06168
9.8436177	0.0617
9.8441991	0.06172
9.8447160	0.06174
9.8452976	0.06176
9.8458792	0.06178
9.8463962	0.0618
9.8469780	0.06182
9.8475598	0.06184
9.8480770	0.06186
9.8486589	0.06188
9.8492410	0.0619
9.8498230	0.06192
9.8504052	0.06194
9.8509874	0.06196
9.8515697	0.06198
9.8521520	0.062
9.8527345	0.06202
9.8533170	0.06204
9.8538995	0.06206
9.8544821	0.06208
9.8551296	0.0621
9.8557124	0.06212
9.8562952	0.06214
9.8569429	0.06216
9.8575259	0.06218
9.8581737	0.0622
9.8587569	0.06222
9.8594049	0.06224
9.8599882	0.06226
9.8606363	0.06228
9.8612198	0.0623
9.8618681	0.06232
9.8625165	0.06234
9.8631002	0.06236
9.8637488	0.06238
9.8643974	0.0624
9.8650462	0.06242
9.8656950	0.06244
9.8663439	0.06246
9.8669929	0.06248
9.8676420	0.0625
9.8682912	0.06252
9.8689405	0.06254
9.8695898	0.06256
9.8703042	0.06258
9.8709537	0.0626
9.8716033	0.06262
9.8723180	0.06264
9.8729678	0.06266
9.8736177	0.06268
9.8743327	0.0627
9.8749827	0.06272
9.8756979	0.06274
9.8764132	0.06276
9.8770635	0.06278
9.8777789	0.0628
9.8784945	0.06282
9.8792102	0.06284
9.8798609	0.06286
9.8805768	0.06288
9.8812927	0.0629
9.8820088	0.06292
9.8827250	0.06294
9.8834413	0.06296
9.8841577	0.06298
9.8849393	0.063
9.8856559	0.06302
9.8863726	0.06304
9.8870894	0.06306
9.8878715	0.06308
9.8885886	0.0631
9.8893057	0.06312
9.8900882	0.06314
9.8908055	0.06316
9.8915882	0.06318
9.8923710	0.0632
9.8930887	0.06322
9.8938717	0.06324
9.8946549	0.06326
9.8953729	0.06328
9.8961563	0.0633
9.8969399	0.06332
9.8977235	0.06334
9.8985073	0.06336
9.8992912	0.06338
9.9000752	0.0634
9.9008594	0.06342
9.9017090	0.06344
9.9024934	0.06346
9.9032780	0.06348
9.9040626	0.0635
9.9049128	0.06352
9.9056978	0.06354
9.9065482	0.06356
9.9073334	0.06358
9.9081842	0.0636
9.9089696	0.06362
9.9098206	0.06364
9.9106718	0.06366
9.9115231	0.06368
9.9123091	0.0637
9.9131607	0.06372
9.9140125	0.06374
9.9148644	0.06376
9.9157164	0.06378
9.9165686	0.0638
9.9174209	0.06382
9.9182734	0.06384
9.9191917	0.06386
9.9200444	0.06388
9.9208974	0.0639
9.9218161	0.06392
9.9226693	0.06394
9.9235884	0.06396
9.9244419	0.06398
9.9253613	0.064
9.9262151	0.06402
9.9271348	0.06404
9.9280547	0.06406
9.9289090	0.06408
9.9298292	0.0641
9.9307496	0.06412
9.9316701	0.06414
9.9325908	0.06416
9.9335117	0.06418
9.9344327	0.0642
9.9353540	0.06422
9.9363412	0.06424
9.9372627	0.06426
9.9381845	0.06428
9.9391723	0.0643
9.9400944	0.06432
9.9410166	0.06434
9.9420050	0.06436
9.9429935	0.06438
9.9439163	0.0644
9.9449052	0.06442
9.9458943	0.06444
9.9468177	0.06446
9.9478072	0.06448
9.9487969	0.0645
9.9497867	0.06452
9.9507768	0.06454
9.9517671	0.06456
9.9527576	0.06458
9.9538143	0.0646
9.9548052	0.06462
9.9557963	0.06464
9.9567875	0.06466
9.9578451	0.06468
9.9588368	0.0647
9.9598948	0.06472
9.9608869	0.06474
9.9619454	0.06476
9.9630040	0.06478
9.9640629	0.0648
9.9650559	0.06482
9.9661152	0.06484
9.9671748	0.06486
9.9682346	0.06488
9.9692946	0.0649
9.9703548	0.06492
9.9714153	0.06494
9.9725423	0.06496
9.9736032	0.06498
9.9746644	0.065
9.9757921	0.06502
9.9768537	0.06504
9.9779155	0.06506
9.9790440	0.06508
9.9801727	0.0651
9.9812353	0.06512
9.9823645	0.06514
9.9834940	0.06516
9.9846237	0.06518
9.9857537	0.0652
9.9868839	0.06522
9.9880144	0.06524
9.9891451	0.06526
9.9902761	0.06528
9.9914074	0.0653
9.9925389	0.06532
9.9937373	0.06534
9.9948693	0.06536
9.9960682	0.06538
9.9972008	0.0654
9.9984003	0.06542
9.9995334	0.06544
10.0007334	0.06546
10.0019337	0.06548
10.0031343	0.0655
10.0042685	0.06552
10.0054697	0.06554
#VALUE!	0.06556
10.0078729	0.06558
10.0091417	0.0656
10.0103440	0.06562
10.0115467	0.06564
10.0127496	0.06566
10.0140196	0.06568
10.0152231	0.0657
10.0164938	0.06572
10.0176979	0.06574
10.0189692	0.06576
10.0201740	0.06578
10.0214459	0.0658
10.0227182	0.06582
10.0239908	0.06584
10.0252637	0.06586
10.0265369	0.06588
10.0278105	0.0659
10.0290843	0.06592
10.0303586	0.06594
10.0317002	0.06596
10.0329750	0.06598
10.0342502	0.066
10.0355929	0.06602
10.0368688	0.06604
10.0382121	0.06606
10.0394887	0.06608
10.0408327	0.0661
10.0421771	0.06612
10.0435219	0.06614
10.0448671	0.06616
10.0462126	0.06618
10.0475584	0.0662
10.0489047	0.06622
10.0502513	0.06624
10.0515982	0.06626
10.0530129	0.06628
10.0543606	0.0663
10.0557086	0.06632
10.0571245	0.06634
10.0584733	0.06636
10.0598899	0.06638
10.0613069	0.0664
10.0627243	0.06642
10.0640746	0.06644
10.0654928	0.06646
10.0669114	0.06648
10.0683304	0.0665
10.0697498	0.06652
10.0712372	0.06654
10.0726574	0.06656
10.0740781	0.06658
10.0755668	0.0666
10.0769882	0.06662
10.0784100	0.06664
10.0799000	0.06666
10.0813904	0.06668
10.0828135	0.0667
10.0843048	0.06672
10.0857965	0.06674
10.0872887	0.06676
10.0887813	0.06678
10.0902743	0.0668
10.0917678	0.06682
10.0932617	0.06684
10.0948240	0.06686
10.0963189	0.06688
10.0978142	0.0669
10.0993779	0.06692
10.1008741	0.06694
10.1024387	0.06696
10.1040039	0.06698
10.1055695	0.067
10.1070675	0.06702
10.1086341	0.06704
10.1102012	0.06706
10.1117688	0.06708
10.1133368	0.0671
10.1149735	0.06712
10.1165426	0.06714
10.1181121	0.06716
10.1197504	0.06718
10.1213209	0.0672
10.1229602	0.06722
10.1245317	0.06724
10.1261721	0.06726
10.1278130	0.06728
10.1294544	0.0673
10.1310280	0.06732
10.1326704	0.06734
10.1343134	0.06736
10.1360255	0.06738
10.1376696	0.0674
10.1393142	0.06742
10.1409593	0.06744
10.1426736	0.06746
10.1443199	0.06748
10.1460353	0.0675
10.1476826	0.06752
10.1493992	0.06754
10.1511163	0.06756
10.1528340	0.06758
10.1545523	0.0676
10.1562712	0.06762
10.1579906	0.06764
10.1597107	0.06766
10.1614313	0.06768
10.1631525	0.0677
10.1649431	0.06772
10.1666655	0.06774
10.1684574	0.06776
10.1701810	0.06778
10.1719742	0.0678
10.1737680	0.06782
10.1755624	0.06784
10.1773574	0.06786
10.1790840	0.06788
10.1809494	0.0679
10.1827464	0.06792
10.1845439	0.06794
10.1863422	0.06796
10.1881410	0.06798
10.1900097	0.068
10.1918099	0.06802
10.1936799	0.06804
10.1955507	0.06806
10.1973528	0.06808
10.1992249	0.0681
10.2010976	0.06812
10.2029711	0.06814
10.2048453	0.06816
10.2067201	0.06818
10.2085956	0.0682
10.2105414	0.06822
10.2124183	0.06824
10.2142959	0.06826
10.2162438	0.06828
10.2181229	0.0683
10.2200722	0.06832
10.2220223	0.06834
10.2239732	0.06836
10.2258551	0.06838
10.2278074	0.0684
10.2297604	0.06842
10.2317840	0.06844
10.2337386	0.06846
10.2356939	0.06848
10.2376500	0.0685
10.2396767	0.06852
10.2416343	0.06854
10.2436626	0.06856
10.2456217	0.06858
10.2476516	0.0686
10.2496823	0.06862
10.2517137	0.06864
10.2537460	0.06866
10.2557791	0.06868
10.2578130	0.0687
10.2598477	0.06872
10.2619535	0.06874
10.2639898	0.06876
10.2660270	0.06878
10.2681352	0.0688
10.2702444	0.06882
10.2722840	0.06884
10.2743948	0.06886
10.2765065	0.06888
10.2786191	0.0689
10.2807325	0.06892
10.2828468	0.06894
10.2849620	0.06896
10.2870781	0.06898
10.2892656	0.069
10.2913834	0.06902
10.2935727	0.06904
10.2956923	0.06906
10.2978834	0.06908
10.3000048	0.0691
#VALUE!	0.06912
10.3043917	0.06914
10.3065866	0.06916
10.3087824	0.06918
10.3109791	0.0692
10.3132477	0.06922
10.3154463	0.06924
10.3176459	0.06926
10.3199174	0.06928
10.3221189	0.0693
10.3243924	0.06932
10.3266669	0.06934
10.3288713	0.06936
10.3311477	0.06938
10.3334252	0.0694
10.3357037	0.06942
10.3379831	0.06944
10.3403349	0.06946
10.3426164	0.06948
10.3448989	0.0695
10.3472538	0.06952
10.3495384	0.06954
10.3518954	0.06956
10.3541821	0.06958
10.3565412	0.0696
10.3589014	0.06962
10.3612627	0.06964
10.3636251	0.06966
10.3659885	0.06968
10.3683530	0.0697
10.3707903	0.06972
10.3731570	0.06974
10.3755248	0.06976
10.3779655	0.06978
10.3803355	0.0698
10.3827784	0.06982
10.3852225	0.06984
10.3876678	0.06986
10.3901142	0.06988
10.3925617	0.0699
#VALUE!	0.06992
10.3974602	0.06994
10.3999113	0.06996
10.4024356	0.06998
10.4048889	0.07
10.4074156	0.07002
10.4098713	0.07004
10.4124005	0.07006
10.4149308	0.07008
10.4173901	0.0701
10.4199229	0.07012
10.4224569	0.07014
10.4250646	0.07016
10.4276012	0.07018
10.4301389	0.0702
10.4326779	0.07022
10.4352908	0.07024
10.4378323	0.07026
10.4404477	0.07028
10.4430644	0.0703
10.4456097	0.07032
10.4482290	0.07034
10.4508497	0.07036
10.4534716	0.07038
10.4560949	0.0704
10.4587924	0.07042
10.4614183	0.07044
10.4640455	0.07046
10.4667471	0.07048
10.4693771	0.0705
10.4720814	0.07052
10.4747872	0.07054
10.4774212	0.07056
10.4801297	0.07058
10.4828396	0.0706
10.4855509	0.07062
10.4883370	0.07064
10.4910511	0.07066
10.4937667	0.07068
10.4964837	0.0707
10.4992755	0.07072
10.5020689	0.07074
10.5047902	0.07076
10.5075865	0.07078
10.5103843	0.0708
10.5131835	0.07082
10.5159843	0.07084
10.5187866	0.07086
10.5215903	0.07088
10.5243955	0.0709
10.5272762	0.07092
10.5300845	0.07094
10.5328942	0.07096
10.5357795	0.07098
10.5386664	0.071
10.5415548	0.07102
10.5443707	0.07104
10.5472623	0.07106
10.5501554	0.07108
10.5531244	0.0711
10.5560208	0.07112
10.5589188	0.07114
10.5618183	0.07116
10.5647939	0.07118
10.5676967	0.0712
10.5706755	0.07122
10.5736561	0.07124
10.5766383	0.07126
10.5795476	0.07128
10.5825332	0.0713
10.5855951	0.07132
10.5885841	0.07134
10.5915748	0.07136
10.5945671	0.07138
10.5976360	0.0714
10.6006318	0.07142
10.6037042	0.07144
10.6067034	0.07146
10.6097794	0.07148
10.6128571	0.0715
10.6159366	0.07152
10.6190180	0.07154
10.6221011	0.07156
10.6251859	0.07158
10.6283479	0.0716
10.6314364	0.07162
10.6345268	0.07164
10.6376943	0.07166
10.6408638	0.07168
10.6439596	0.0717
10.6471327	0.07172
10.6503078	0.07174
10.6534848	0.07176
10.6566636	0.07178
10.6598444	0.0718
10.6630270	0.07182
10.6662874	0.07184
10.6694739	0.07186
10.6727383	0.07188
10.6759286	0.0719
10.6791969	0.07192
10.6824672	0.07194
10.6856634	0.07196
10.6889377	0.07198
10.6922139	0.072
10.6954922	0.07202
10.6988488	0.07204
10.7021312	0.07206
10.7054155	0.07208
10.7087783	0.0721
10.7120668	0.07212
10.7154338	0.07214
10.7188029	0.07216
10.7220975	0.07218
10.7254708	0.0722
10.7288463	0.07222
10.7322239	0.07224
10.7356036	0.07226
10.7390623	0.07228
10.7424463	0.0723
10.7458324	0.07232
10.7492977	0.07234
10.7527653	0.07236
10.7561579	0.07238
10.7596299	0.0724
10.7631041	0.07242
10.7665805	0.07244
10.7700592	0.07246
10.7735402	0.07248
10.7770234	0.0725
10.7805088	0.07252
10.7840741	0.07254
10.7875641	0.07256
10.7911340	0.07258
10.7946286	0.0726
10.7982032	0.07262
10.8017801	0.07264
10.8053595	0.07266
10.8089412	0.07268
10.8125252	0.0727
10.8161117	0.07272
10.8197005	0.07274
10.8232917	0.07276
10.8269635	0.07278
10.8305595	0.0728
10.8342362	0.07282
10.8378371	0.07284
10.8415187	0.07286
10.8452028	0.07288
10.8488894	0.0729
10.8525786	0.07292
10.8562702	0.07294
10.8599644	0.07296
10.8636611	0.07298
10.8674390	0.073
10.8711407	0.07302
10.8749239	0.07304
10.8786307	0.07306
10.8824191	0.07308
10.8862101	0.0731
10.8900037	0.07312
10.8938000	0.07314
10.8975989	0.07316
10.9014005	0.07318
10.9052047	0.0732
10.9090116	0.07322
10.9129005	0.07324
10.9167128	0.07326
10.9206072	0.07328
10.9244248	0.0733
10.9283248	0.07332
10.9322275	0.07334
10.9361330	0.07336
10.9400413	0.07338
10.9439524	0.0734
10.9478663	0.07342
10.9517830	0.07344
10.9557024	0.07346
10.9597048	0.07348
10.9636300	0.0735
10.9676382	0.07352
10.9715690	0.07354
10.9755830	0.07356
10.9795999	0.07358
10.9836198	0.0736
10.9876426	0.07362
10.9916683	0.07364
10.9956970	0.07366
10.9997287	0.07368
11.0038440	0.0737
11.0078816	0.07372
11.0120031	0.07374
11.0160467	0.07376
11.0201743	0.07378
11.0243049	0.0738
11.0284387	0.07382
11.0325755	0.07384
11.0367155	0.07386
11.0408585	0.07388
11.0450047	0.0739
11.0491540	0.07392
11.0533064	0.07394
11.0575435	0.07396
11.0617022	0.07398
11.0659457	0.074
11.0701924	0.07402
11.0743606	0.07404
11.0786138	0.07406
11.0828703	0.07408
11.0871301	0.0741
11.0913931	0.07412
11.0956594	0.07414
11.1000111	0.07416
11.1042840	0.07418
11.1085603	0.0742
11.1129221	0.07422
11.1172874	0.07424
11.1215736	0.07426
11.1259457	0.07428
11.1303212	0.0743
11.1347002	0.07432
11.1390826	0.07434
11.1434684	0.07436
11.1478578	0.07438
11.1522505	0.0744
11.1567297	0.07442
11.1611295	0.07444
11.1656159	0.07446
11.1700226	0.07448
11.1745161	0.0745
11.1790133	0.07452
11.1834306	0.07454
11.1879349	0.07456
11.1924429	0.07458
11.1969544	0.0746
11.2015533	0.07462
11.2060722	0.07464
11.2105948	0.07466
11.2152048	0.07468
11.2197348	0.0747
11.2243524	0.07472
11.2288897	0.07474
11.2335148	0.07476
11.2381438	0.07478
11.2427765	0.0748
11.2474131	0.07482
11.2520535	0.07484
11.2566977	0.07486
11.2613458	0.07488
11.2659977	0.0749
11.2707382	0.07492
11.2753978	0.07494
11.2801462	0.07496
11.2848137	0.07498
11.2895699	0.075
11.2943302	0.07502
11.2990946	0.07504
11.3038629	0.07506
11.3086353	0.07508
11.3134117	0.0751
11.3181921	0.07512
11.3229766	0.07514
11.3277651	0.07516
11.3326433	0.07518
11.3374400	0.0752
11.3423265	0.07522
11.3471314	0.07524
11.3520263	0.07526
11.3569255	0.07528
11.3618288	0.0753
11.3667364	0.07532
11.3716482	0.07534
11.3765643	0.07536
11.3814846	0.07538
11.3864092	0.0754
11.3914245	0.07542
11.3963577	0.07544
11.4013818	0.07546
11.4063237	0.07548
11.4113566	0.0755
11.4163939	0.07552
11.4213488	0.07554
11.4263950	0.07556
11.4314456	0.07558
11.4365007	0.0756
11.4415603	0.07562
11.4467117	0.07564
11.4517804	0.07566
11.4568535	0.07568
11.4620187	0.0757
11.4671009	0.07572
11.4722753	0.07574
11.4773666	0.07576
11.4825504	0.07578
11.4877388	0.0758
11.4929318	0.07582
11.4981296	0.07584
11.5033321	0.07586
11.5085393	0.07588
11.5137513	0.0759
11.5189679	0.07592
11.5241893	0.07594
11.5295040	0.07596
11.5347349	0.07598
11.5400594	0.076
11.5453888	0.07602
11.5506341	0.07604
11.5559733	0.07606
11.5613174	0.07608
11.5666664	0.0761
11.5720204	0.07612
11.5773793	0.07614
11.5827433	0.07616
11.5881121	0.07618
11.5934860	0.0762
11.5989545	0.07622
11.6043385	0.07624
11.6098173	0.07626
11.6152113	0.07628
11.6207003	0.0763
11.6261946	0.07632
11.6316038	0.07634
11.6371084	0.07636
11.6426182	0.07638
11.6481332	0.0764
11.6536534	0.07642
11.6591789	0.07644
11.6648003	0.07646
11.6703363	0.07648
11.6758776	0.0765
11.6815152	0.07652
11.6870671	0.07654
11.6927154	0.07656
11.6982780	0.07658
11.7039372	0.0766
#VALUE!	0.07662
11.7152720	0.07664
11.7209477	0.07666
11.7266288	0.07668
11.7323155	0.0767
11.7380077	0.07672
11.7437054	0.07674
11.7494086	0.07676
11.7552095	0.07678
11.7609239	0.0768
11.7667362	0.07682
11.7724619	0.07684
11.7782856	0.07686
11.7840224	0.07688
11.7898576	0.0769
11.7956985	0.07692
11.8015452	0.07694
11.8073977	0.07696
11.8132560	0.07698
11.8191202	0.077
11.8249901	0.07702
11.8308659	0.07704
11.8368410	0.07706
11.8427286	0.07708
11.8486220	0.0771
11.8546150	0.07712
11.8605203	0.07714
11.8665253	0.07716
11.8725364	0.07718
11.8784596	0.0772
11.8844828	0.07722
11.8905122	0.07724
11.8965476	0.07726
11.9025892	0.07728
11.9086369	0.0773
11.9146908	0.07732
11.9208456	0.07734
11.9269119	0.07736
11.9329844	0.07738
11.9391581	0.0774
11.9452430	0.07742
11.9514294	0.07744
11.9575269	0.07746
11.9637260	0.07748
11.9698360	0.0775
11.9760479	0.07752
11.9822662	0.07754
11.9884910	0.07756
11.9947223	0.07758
12.0009601	0.0776
12.0072043	0.07762
12.0134551	0.07764
12.0198086	0.07766
12.0260725	0.07768
12.0323429	0.0777
12.0387165	0.07772
12.0450001	0.07774
12.0513871	0.07776
12.0576840	0.07778
12.0640844	0.0778
12.0704917	0.07782
12.0768085	0.07784
12.0832293	0.07786
12.0896569	0.07788
12.0960913	0.0779
12.1025327	0.07792
12.1089808	0.07794
12.1154359	0.07796
12.1218978	0.07798
12.1284647	0.078
12.1349405	0.07802
12.1414233	0.07804
12.1480114	0.07806
12.1545081	0.07808
12.1611104	0.0781
12.1676211	0.07812
12.1742377	0.07814
12.1808614	0.07816
12.1874924	0.07818
12.1940314	0.0782
12.2006767	0.07822
12.2073293	0.07824
12.2139891	0.07826
12.2206562	0.07828
12.2273305	0.0783
12.2341120	0.07832
12.2408010	0.07834
12.2474974	0.07836
12.2542011	0.07838
12.2610124	0.0784
12.2677310	0.07842
12.2745573	0.07844
12.2812907	0.07846
12.2881321	0.07848
12.2949812	0.0785
12.3017370	0.07852
12.3086013	0.07854
12.3154732	0.07856
12.3223527	0.07858
12.3292400	0.0786
12.3361350	0.07862
12.3430377	0.07864
12.3499481	0.07866
12.3568663	0.07868
12.3638941	0.0787
12.3708279	0.07872
12.3777695	0.07874
12.3847189	0.07876
12.3917785	0.07878
12.3987436	0.0788
12.4058192	0.07882
12.4128001	0.07884
12.4198917	0.07886
12.4269914	0.07888
12.4340993	0.0789
12.4411121	0.07892
12.4482361	0.07894
12.4553683	0.07896
12.4625086	0.07898
12.4696572	0.079
12.4768139	0.07902
12.4839789	0.07904
12.4911521	0.07906
12.4983336	0.07908
12.5056275	0.0791
12.5128256	0.07912
12.5200321	0.07914
12.5273514	0.07916
12.5345745	0.07918
12.5419109	0.0792
12.5491508	0.07922
12.5565043	0.07924
12.5637611	0.07926
12.5711317	0.07928
12.5785109	0.0793
12.5858988	0.07932
12.5931896	0.07934
12.6005947	0.07936
12.6080086	0.07938
12.6154312	0.0794
12.6228625	0.07942
12.6303026	0.07944
12.6377515	0.07946
12.6452092	0.07948
12.6527823	0.0795
12.6602578	0.07952
12.6677420	0.07954
12.6752351	0.07956
12.6828443	0.07958
#VALUE!	0.0796
12.6979827	0.07962
12.7055117	0.07964
12.7131573	0.07966
12.7207042	0.07968
12.7283681	0.0797
12.7359332	0.07972
12.7436154	0.07974
12.7513070	0.07976
12.7590079	0.07978
12.7667180	0.0798
12.7743287	0.07982
12.7820574	0.07984
12.7897954	0.07986
12.7975429	0.07988
12.8052997	0.0799
12.8131754	0.07992
12.8209511	0.07994
12.8287364	0.07996
12.8365311	0.07998
12.8443352	0.08
12.8522590	0.08002
12.8600823	0.08004
12.8679151	0.08006
12.8758680	0.08008
12.8837201	0.0801
12.8916926	0.08012
12.8995640	0.08014
12.9075561	0.08016
12.9154469	0.08018
12.9234587	0.0802
12.9314804	0.08022
12.9395121	0.08024
12.9474420	0.08026
12.9554936	0.08028
12.9635551	0.0803
12.9716267	0.08032
12.9797084	0.08034
12.9878001	0.08036
12.9959020	0.08038
13.0040139	0.0804
13.0121360	0.08042
13.0202682	0.08044
13.0284106	0.08046
13.0365632	0.08048
13.0447260	0.0805
13.0530126	0.08052
13.0611961	0.08054
13.0693897	0.08056
13.0777077	0.08058
13.0859222	0.0806
13.0941469	0.08062
13.1024965	0.08064
13.1107421	0.08066
13.1191128	0.08068
13.1273793	0.0807
13.1357713	0.08072
13.1441741	0.08074
13.1524722	0.08076
13.1608963	0.08078
13.1693313	0.0808
13.1776612	0.08082
13.1861177	0.08084
13.1945849	0.08086
13.2030631	0.08088
13.2115522	0.0809
13.2200522	0.08092
13.2284465	0.08094
13.2369682	0.08096
13.2455009	0.08098
13.2540447	0.081
13.2627167	0.08102
13.2712827	0.08104
13.2798598	0.08106
13.2884479	0.08108
13.2970472	0.0811
13.3056576	0.08112
13.3143973	0.08114
13.3230302	0.08116
13.3316743	0.08118
13.3403296	0.0812
13.3491150	0.08122
13.3577929	0.08124
13.3666013	0.08126
13.3753021	0.08128
13.3840141	0.0813
#VALUE!	0.08132
13.4015921	0.08134
13.4104584	0.08136
13.4193364	0.08138
13.4281059	0.0814
13.4370073	0.08142
13.4458000	0.08144
13.4547249	0.08146
13.4636616	0.08148
13.4726102	0.0815
13.4814495	0.08152
13.4904218	0.08154
13.4994060	0.08156
13.5084022	0.08158
13.5174104	0.0816
13.5263087	0.08162
13.5353408	0.08164
13.5443849	0.08166
13.5534412	0.08168
13.5625096	0.0817
13.5715901	0.08172
13.5806828	0.08174
13.5897877	0.08176
13.5989048	0.08178
13.6080342	0.0818
13.6171758	0.08182
13.6264535	0.08184
13.6356199	0.08186
13.6447986	0.08188
13.6539897	0.0819
13.6631932	0.08192
13.6724091	0.08194
13.6817622	0.08196
13.6910032	0.08198
13.7002567	0.082
13.7096479	0.08202
13.7189266	0.08204
13.7282179	0.08206
13.7376476	0.08208
13.7469642	0.0821
13.7562935	0.08212
13.7657618	0.08214
13.7751166	0.08216
13.7846109	0.08218
13.7939913	0.0822
13.8035116	0.08222
13.8129178	0.08224
13.8224643	0.08226
13.8318964	0.08228
13.8414690	0.0823
13.8510550	0.08232
13.8605261	0.08234
13.8701385	0.08236
13.8796358	0.08238
13.8892747	0.0824
13.8989270	0.08242
13.9085927	0.08244
13.9181428	0.08246
13.9278352	0.08248
13.9375412	0.0825
13.9471311	0.08252
13.9568640	0.08254
13.9666105	0.08256
13.9763706	0.08258
13.9861444	0.0826
13.9958013	0.08262
#VALUE!	0.08264
14.0154170	0.08266
14.0252454	0.08268
14.0350877	0.0827
#VALUE!	0.08272
14.0548138	0.08274
14.0646976	0.08276
14.0744633	0.08278
14.0843748	0.0828
14.0943003	0.08282
14.1042397	0.08284
14.1141932	0.08286
14.1241608	0.08288
14.1341424	0.0829
14.1441382	0.08292
14.1541481	0.08294
14.1641722	0.08296
14.1742105	0.08298
14.1843972	0.083
14.1944642	0.08302
#VALUE!	0.08304
14.2146411	0.08306
14.2247511	0.08308
14.2348754	0.0831
#VALUE!	0.08312
14.2551675	0.08314
14.2653352	0.08316
14.2755175	0.08318
14.2858503	0.0832
14.2960619	0.08322
14.3062881	0.08324
14.3165289	0.08326
14.3267844	0.08328
14.3370546	0.0833
14.3474768	0.08332
14.3577767	0.08334
14.3680913	0.08336
14.3784209	0.08338
14.3887653	0.0834
14.3992628	0.08342
14.4096372	0.08344
14.4200265	0.08346
14.4304309	0.08348
14.4409893	0.0835
14.4514239	0.08352
14.4618737	0.08354
14.4723385	0.08356
14.4829584	0.08358
14.4934538	0.0836
14.5039644	0.08362
14.5146307	0.08364
14.5251721	0.08366
14.5357288	0.08368
14.5463009	0.0837
14.5570296	0.08372
14.5676327	0.08374
14.5782512	0.08376
14.5890271	0.08378
14.5996769	0.0838
14.6103422	0.08382
14.6211656	0.08384
14.6318623	0.08386
14.6425748	0.08388
14.6534460	0.0839
14.6641900	0.08392
14.6749499	0.08394
14.6858693	0.08396
14.6966609	0.08398
14.7074685	0.084
14.7184363	0.08402
14.7292759	0.08404
14.7401315	0.08406
14.7511481	0.08408
14.7620360	0.0841
14.7729399	0.08412
14.7840057	0.08414
14.7949421	0.08416
14.8058947	0.08418
14.8170099	0.0842
14.8279953	0.08422
14.8389969	0.08424
14.8500149	0.08426
14.8611964	0.08428
14.8722474	0.0843
14.8833148	0.08432
14.8945466	0.08434
14.9056473	0.08436
14.9167645	0.08438
14.9280468	0.0844
14.9391975	0.08442
14.9503648	0.08444
14.9616981	0.08446
14.9728991	0.08448
14.9841168	0.0845
14.9953514	0.08452
15.0067080	0.08454
#VALUE!	0.08456
15.0293523	0.08458
15.0407001	0.0846
15.0520500	0.08462
15.0634321	0.08464
15.0748163	0.08466
15.0862329	0.08468
15.0976516	0.0847
15.1091028	0.08472
15.1205562	0.08474
15.1320269	0.08476
15.1435304	0.08478
15.1550360	0.0848
15.1665592	0.08482
15.1780998	0.08484
15.1896581	0.08486
15.2012185	0.08488
15.2128120	0.0849
15.2244232	0.08492
15.2360522	0.08494
15.2476834	0.08496
15.2593479	0.08498
15.2710147	0.085
15.2826994	0.08502
15.2944175	0.08504
15.3061381	0.08506
15.3178766	0.08508
15.3296331	0.0851
15.3414077	0.08512
15.3531847	0.08514
15.3649955	0.08516
15.3768245	0.08518
15.3886559	0.0852
15.4005214	0.08522
15.4123893	0.08524
15.4242755	0.08526
15.4361801	0.08528
15.4481031	0.0853
15.4600445	0.08532
15.4720044	0.08534
15.4839829	0.08536
15.4959638	0.08538
15.5079794	0.0854
15.5199975	0.08542
15.5320343	0.08544
15.5440898	0.08546
15.5561640	0.08548
15.5682569	0.0855
15.5803687	0.08552
15.5924832	0.08554
15.6046327	0.08556
15.6167849	0.08558
15.6289561	0.0856
15.6411462	0.08562
15.6533554	0.08564
15.6655837	0.08566
15.6778310	0.08568
15.6900811	0.0857
15.7023504	0.08572
15.7146554	0.08574
15.7269631	0.08576
15.7392902	0.08578
15.7516366	0.0858
15.7639858	0.08582
15.7763710	0.08584
15.7887590	0.08586
15.8011665	0.08588
15.8135936	0.0859
15.8260402	0.08592
15.8385064	0.08594
15.8509922	0.08596
15.8634810	0.08598
15.8759895	0.086
15.8885177	0.08602
15.9010657	0.08604
15.9136335	0.08606
15.9262212	0.08608
15.9388120	0.0861
15.9514226	0.08612
15.9640532	0.08614
15.9767038	0.08616
15.9893745	0.08618
16.0020483	0.0862
16.0147592	0.08622
16.0274732	0.08624
16.0402075	0.08626
16.0529619	0.08628
16.0657195	0.0863
16.0785146	0.08632
16.0913128	0.08634
16.1041315	0.08636
16.1169705	0.08638
16.1298301	0.0864
16.1426928	0.08642
16.1555934	0.08644
16.1684973	0.08646
16.1814218	0.08648
16.1943495	0.0865
16.2073153	0.08652
16.2202844	0.08654
16.2332743	0.08656
16.2462850	0.08658
16.2593166	0.0866
16.2723514	0.08662
16.2854072	0.08664
16.2984839	0.08666
16.3115817	0.08668
16.3247005	0.0867
16.3378226	0.08672
16.3509837	0.08674
16.3641481	0.08676
16.3773159	0.08678
16.3905228	0.0868
16.4037331	0.08682
16.4169646	0.08684
16.4302176	0.08686
16.4434919	0.08688
16.4567697	0.0869
16.4700689	0.08692
16.4833897	0.08694
16.4967320	0.08696
16.5100778	0.08698
#VALUE!	0.087
16.5368524	0.08702
16.5502631	0.08704
16.5636774	0.08706
16.5771134	0.08708
16.5905712	0.0871
16.6040509	0.08712
16.6175526	0.08714
16.6310577	0.08716
16.6445849	0.08718
16.6581340	0.0872
16.6717052	0.08722
16.6852800	0.08724
16.6988769	0.08726
16.7124960	0.08728
16.7261187	0.0873
16.7397823	0.08732
16.7534495	0.08734
16.7671391	0.08736
16.7808323	0.08738
16.7945478	0.0874
16.8082858	0.08742
16.8220463	0.08744
16.8358293	0.08746
16.8496161	0.08748
16.8634254	0.0875
16.8772383	0.08752
16.8910930	0.08754
16.9049513	0.08756
16.9188325	0.08758
16.9327173	0.0876
16.9466441	0.08762
16.9605746	0.08764
16.9745280	0.08766
16.9884852	0.08768
17.0024654	0.0877
17.0164685	0.08772
17.0304948	0.08774
17.0445248	0.08776
17.0585780	0.08778
17.0726544	0.0878
17.0867345	0.08782
17.1008574	0.08784
17.1149842	0.08786
17.1291147	0.08788
17.1432882	0.0879
17.1574655	0.08792
17.1716466	0.08794
17.1858709	0.08796
17.2000991	0.08798
17.2143508	0.088
17.2286064	0.08802
17.2429054	0.08804
17.2572083	0.08806
17.2715151	0.08808
17.2858656	0.0881
17.3002199	0.08812
17.3145782	0.08814
17.3289803	0.08816
17.3433863	0.08818
17.3578163	0.0882
17.3722503	0.08822
17.3867082	0.08824
17.4011902	0.08826
17.4156964	0.08828
17.4302065	0.0883
17.4447409	0.08832
17.4592995	0.08834
17.4738620	0.08836
17.4884489	0.08838
17.5030601	0.0884
17.5176753	0.08842
17.5323150	0.08844
17.5469791	0.08846
17.5616472	0.08848
17.5763399	0.0885
17.5910572	0.08852
17.6057785	0.08854
17.6205244	0.08856
17.6352950	0.08858
17.6500697	0.0886
17.6648692	0.08862
17.6796935	0.08864
17.6945426	0.08866
17.7093959	0.08868
17.7242532	0.0887
17.7391563	0.08872
17.7540636	0.08874
17.7689749	0.08876
17.7839323	0.08878
17.7988939	0.0888
17.8138594	0.08882
17.8288714	0.08884
17.8438874	0.08886
17.8589075	0.08888
17.8739742	0.0889
17.8890450	0.08892
17.9041199	0.08894
17.9192416	0.08896
17.9343459	0.08898
17.9494973	0.089
17.9646527	0.08902
17.9798338	0.08904
17.9950406	0.08906
18.0102514	0.08908
18.0254880	0.0891
18.0407287	0.08912
18.0559953	0.08914
18.0712876	0.08916
18.0865841	0.08918
18.1019065	0.0892
18.1172549	0.08922
18.1326074	0.08924
18.1479859	0.08926
18.1633686	0.08928
18.1787994	0.0893
18.1942123	0.08932
18.2096735	0.08934
18.2251388	0.08936
18.2406304	0.08938
18.2561261	0.0894
18.2716482	0.08942
18.2871745	0.08944
18.3027494	0.08946
18.3183062	0.08948
18.3339119	0.0895
18.3495217	0.08952
18.3651581	0.08954
18.3807987	0.08956
18.3964659	0.08958
18.4121599	0.0896
18.4278580	0.08962
18.4435829	0.08964
18.4593120	0.08966
18.4750679	0.08968
18.4908507	0.0897
18.5066377	0.08972
18.5224517	0.08974
18.5382698	0.08976
18.5541379	0.08978
18.5699872	0.0898
18.5858866	0.08982
18.6017902	0.08984
18.6176980	0.08986
18.6336330	0.08988
18.6495952	0.0899
18.6655617	0.08992
18.6815555	0.08994
18.6975767	0.08996
18.7136020	0.08998
18.7296549	0.09
18.7457353	0.09002
18.7618199	0.09004
18.7779087	0.09006
18.7940250	0.09008
18.8101690	0.0901
18.8263408	0.09012
18.8425168	0.09014
18.8586968	0.09016
18.8749284	0.09018
18.8911404	0.0902
18.9074041	0.09022
18.9236720	0.09024
18.9399440	0.09026
18.9562679	0.09028
18.9725720	0.0903
18.9889282	0.09032
19.0052885	0.09034
19.0216530	0.09036
19.0380698	0.09038
19.0544666	0.0904
19.0709158	0.09042
19.0873693	0.09044
19.1038268	0.09046
19.1203127	0.09048
19.1368270	0.0905
19.1533455	0.09052
19.1698925	0.09054
19.1864436	0.09056
19.2030233	0.09058
19.2196317	0.0906
19.2362442	0.09062
19.2528854	0.09064
19.2695306	0.09066
19.2862047	0.09068
19.3029077	0.0907
19.3196147	0.09072
19.3363507	0.09074
19.3530907	0.09076
19.3698597	0.09078
19.3866328	0.0908
19.4034349	0.09082
19.4202662	0.09084
19.4371015	0.09086
19.4539408	0.09088
19.4708346	0.0909
19.4877072	0.09092
19.5046343	0.09094
19.5215655	0.09096
19.5385006	0.09098
19.5554907	0.091
19.5724592	0.09102
19.5894572	0.09104
19.6064848	0.09106
19.6235420	0.09108
19.6406031	0.0911
19.6576683	0.09112
19.6747631	0.09114
19.6918876	0.09116
19.7090161	0.09118
19.7261744	0.0912
19.7433366	0.09122
19.7605287	0.09124
19.7777508	0.09126
19.7949768	0.09128
19.8122067	0.0913
19.8294666	0.09132
19.8467566	0.09134
19.8640504	0.09136
19.8813745	0.09138
19.8987287	0.0914
19.9160869	0.09142
19.9334489	0.09144
19.9508411	0.09146
19.9682638	0.09148
19.9856902	0.0915
20.0031472	0.09152
20.0206079	0.09154
20.0380991	0.09156
20.0555941	0.09158
20.0731197	0.0916
20.0906759	0.09162
20.1082359	0.09164
20.1257997	0.09166
20.1433941	0.09168
20.1610193	0.0917
20.1786483	0.09172
20.1963081	0.09174
20.2139989	0.09176
20.2316661	0.09178
20.2493915	0.0918
20.2671207	0.09182
20.2848534	0.09184
20.3026448	0.09186
20.3204123	0.09188
20.3382109	0.0919
20.3560407	0.09192
20.3738742	0.09194
20.3917389	0.09196
20.4096350	0.09198
20.4275069	0.092
20.4454379	0.09202
20.4633726	0.09204
20.4813108	0.09206
20.4992805	0.09208
20.5172817	0.0921
20.5352865	0.09212
20.5533229	0.09214
20.5713627	0.09216
20.5894343	0.09218
20.6075094	0.0922
20.6256162	0.09222
20.6437264	0.09224
20.6618685	0.09226
20.6800425	0.09228
#VALUE!	0.0923
20.7164008	0.09232
20.7346135	0.09234
20.7528584	0.09236
20.7711066	0.09238
20.7893869	0.0924
20.8076705	0.09242
20.8259864	0.09244
20.8443055	0.09246
20.8626570	0.09248
20.8810116	0.0925
20.8993987	0.09252
20.9178181	0.09254
20.9362408	0.09256
20.9546667	0.09258
20.9731250	0.0926
20.9916159	0.09262
21.0101101	0.09264
21.0286073	0.09266
21.0471372	0.09268
21.0656997	0.0927
21.0842654	0.09272
21.1028638	0.09274
21.1214653	0.09276
21.1400997	0.09278
21.1587371	0.0928
21.1774074	0.09282
21.1961107	0.09284
21.2147870	0.09286
21.2335263	0.09288
21.2522687	0.0929
21.2710140	0.09292
21.2897924	0.09294
21.3086040	0.09296
21.3274185	0.09298
#VALUE!	0.093
21.3651170	0.09302
21.3839706	0.09304
21.4028574	0.09306
21.4217777	0.09308
21.4407007	0.0931
21.4596573	0.09312
21.4786166	0.09314
21.4976095	0.09316
21.5166051	0.09318
21.5356343	0.0932
21.5546662	0.09322
21.5737318	0.09324
21.5928312	0.09326
21.6119021	0.09328
21.6310379	0.0933
21.6501764	0.09332
21.6693175	0.09334
21.6884925	0.09336
21.7077015	0.09338
21.7269130	0.0934
21.7461270	0.09342
21.7653751	0.09344
21.7846572	0.09346
21.8039419	0.09348
21.8232607	0.0935
21.8425820	0.09352
21.8619056	0.09354
21.8812635	0.09356
21.9006557	0.09358
21.9200503	0.0936
21.9394792	0.09362
21.9589105	0.09364
21.9783762	0.09366
21.9978442	0.09368
22.0173467	0.0937
22.0368515	0.09372
22.0563908	0.09374
22.0759649	0.09376
22.0955086	0.09378
22.1151195	0.0938
22.1347326	0.09382
22.1543479	0.09384
22.1739979	0.09386
22.1936500	0.09388
22.2133369	0.0939
22.2330588	0.09392
22.2527827	0.09394
22.2725086	0.09396
22.2922695	0.09398
22.3120655	0.094
22.3318634	0.09402
22.3516632	0.09404
22.3714981	0.09406
22.3913683	0.09408
22.4112403	0.0941
22.4311140	0.09412
22.4510231	0.09414
22.4709675	0.09416
22.4909137	0.09418
22.5108953	0.0942
22.5308786	0.09422
22.5508974	0.09424
22.5709178	0.09426
22.5909398	0.09428
22.6110315	0.0943
22.6310906	0.09432
22.6512195	0.09434
22.6713158	0.09436
22.6914477	0.09438
22.7116155	0.0944
22.7317846	0.09442
22.7519897	0.09444
22.7722306	0.09446
22.7924384	0.09448
22.8127167	0.0945
22.8329617	0.09452
22.8532774	0.09454
22.8735944	0.09456
22.8939127	0.09458
22.9142670	0.0946
22.9346226	0.09462
22.9550143	0.09464
22.9754071	0.09466
22.9958362	0.09468
23.0163017	0.0947
23.0367328	0.09472
23.0572357	0.09474
23.0777397	0.09476
#VALUE!	0.09478
23.1187859	0.0948
23.1393638	0.09482
23.1599068	0.09484
23.1805222	0.09486
23.2011384	0.09488
23.2217554	0.0949
23.2424090	0.09492
23.2630995	0.09494
23.2837906	0.09496
23.3044824	0.09498
23.3252110	0.095
23.3459765	0.09502
23.3667426	0.09504
23.3875092	0.09506
23.4083128	0.09508
23.4291534	0.0951
23.4499945	0.09512
23.4708726	0.09514
23.4917513	0.09516
23.5126302	0.09518
23.5335463	0.0952
23.5544996	0.09522
23.5754532	0.09524
23.5964442	0.09526
23.6174353	0.09528
23.6384639	0.0953
23.6594926	0.09532
23.6805214	0.09534
23.7015875	0.09536
23.7226912	0.09538
23.7437950	0.0954
23.7649363	0.09542
23.7860775	0.09544
23.8072565	0.09546
#VALUE!	0.09548
23.8496518	0.0955
23.8708682	0.09552
23.8921223	0.09554
23.9133762	0.09556
23.9346679	0.09558
23.9559594	0.0956
23.9772887	0.09562
23.9986177	0.09564
24.0199846	0.09566
24.0413511	0.09568
24.0627557	0.0957
24.0841597	0.09572
24.1056018	0.09574
24.1270434	0.09576
24.1485231	0.09578
24.1700021	0.0958
24.1915194	0.09582
24.2130360	0.09584
24.2345908	0.09586
24.2561841	0.09588
24.2777373	0.0959
#VALUE!	0.09592
24.3209983	0.09594
24.3426273	0.09596
24.3642949	0.09598
24.3859615	0.096
24.4076666	0.09602
24.4294104	0.09604
24.4511531	0.09606
24.4728946	0.09608
24.4946749	0.0961
24.5164538	0.09612
24.5382715	0.09614
24.5601281	0.09616
24.5819834	0.09618
24.6038372	0.0962
24.6257299	0.09622
24.6476617	0.09624
24.6695919	0.09626
24.6915206	0.09628
24.7134883	0.0963
24.7354951	0.09632
24.7575003	0.09634
24.7795037	0.09636
#VALUE!	0.09638
24.8236281	0.0964
24.8457082	0.09642
24.8678275	0.09644
24.8899450	0.09646
24.9120604	0.09648
24.9342567	0.0965
24.9564095	0.09652
24.9786017	0.09654
25.0008334	0.09656
25.0230629	0.09658
25.0453321	0.0966
25.0675990	0.09662
25.0899055	0.09664
25.1122097	0.09666
25.1345536	0.09668
25.1568952	0.0967
25.1792764	0.09672
25.2016552	0.09674
25.2240739	0.09676
25.2464899	0.09678
25.2689458	0.0968
25.2913991	0.09682
25.3138923	0.09684
25.3363827	0.09686
25.3589132	0.09688
25.3814408	0.0969
25.4040084	0.09692
25.4265731	0.09694
25.4491780	0.09696
25.4718231	0.09698
25.4944218	0.097
25.5171041	0.09702
25.5397833	0.09704
25.5624593	0.09706
25.5851756	0.09708
25.6079323	0.0971
25.6306857	0.09712
25.6534358	0.09714
25.6762262	0.09716
25.6990572	0.09718
25.7218847	0.0972
25.7447086	0.09722
25.7675731	0.09724
25.7904782	0.09726
25.8133796	0.09728
25.8362772	0.0973
25.8592601	0.09732
25.8821946	0.09734
25.9051698	0.09736
25.9281858	0.09738
25.9511979	0.0974
25.9742509	0.09742
25.9972997	0.09744
26.0203896	0.09746
26.0434752	0.09748
26.0666019	0.0975
26.0897243	0.09752
26.1128878	0.09754
26.1360468	0.09756
26.1592470	0.09758
26.1824428	0.0976
26.2056796	0.09762
26.2289120	0.09764
26.2521855	0.09766
26.2755004	0.09768
26.2988106	0.0977
26.3221160	0.09772
26.3454628	0.09774
26.3688046	0.09776
26.3921879	0.09778
26.4156127	0.0978
26.4390325	0.09782
26.4624938	0.09784
26.4859501	0.09786
26.5094011	0.09788
26.5328937	0.0979
26.5564280	0.09792
26.5799569	0.09794
26.6035276	0.09796
26.6270929	0.09798
26.6506999	0.098
26.6743014	0.09802
26.6979448	0.09804
26.7215825	0.09806
26.7452621	0.09808
26.7689359	0.0981
26.7926517	0.09812
26.8163616	0.09814
26.8401134	0.09816
26.8638593	0.09818
26.8876473	0.0982
26.9114774	0.09822
26.9353014	0.09824
26.9591192	0.09826
26.9829791	0.09828
27.0068814	0.0983
27.0307772	0.09832
27.0546667	0.09834
27.0786472	0.09836
27.1025724	0.09838
27.1265399	0.0984
27.1505498	0.09842
27.1745530	0.09844
27.1985987	0.09846
27.2226376	0.09848
27.2467190	0.0985
27.2707935	0.09852
27.2949106	0.09854
27.3190206	0.09856
27.3431732	0.09858
27.3673686	0.0986
27.3915568	0.09862
27.4157377	0.09864
27.4399614	0.09866
27.4642278	0.09868
27.4884869	0.0987
27.5127384	0.09872
27.5370327	0.09874
27.5613700	0.09876
27.5856996	0.09878
27.6100722	0.0988
27.6344369	0.09882
27.6588447	0.09884
27.6832446	0.09886
27.7076876	0.09888
27.7321225	0.0989
27.7566005	0.09892
27.7810703	0.09894
27.8055834	0.09896
27.8301397	0.09898
27.8546877	0.099
27.8792272	0.09902
27.9038100	0.09904
27.9284362	0.09906
27.9530538	0.09908
27.9777148	0.0991
28.0023671	0.09912
28.0270629	0.09914
28.0517499	0.09916
28.0764803	0.09918
28.1012018	0.0992
28.1259668	0.09922
28.1507227	0.09924
28.1755222	0.09926
28.2003655	0.09928
28.2251995	0.0993
28.2500240	0.09932
28.2748923	0.09934
28.2998044	0.09936
28.3247069	0.09938
28.3496533	0.0994
28.3745900	0.09942
28.3995706	0.09944
28.4245414	0.09946
28.4495561	0.09948
28.4745608	0.0995
28.4996096	0.09952
28.5246481	0.09954
28.5497308	0.09956
28.5748576	0.09958
28.5999741	0.0996
28.6251348	0.09962
28.6502851	0.09964
28.6754248	0.09966
28.7006636	0.09968
28.7258368	0.0997
28.7511093	0.09972
28.7763159	0.09974
28.8016221	0.09976
28.8269174	0.09978
28.8522017	0.0998
28.8775304	0.09982
28.9029036	0.09984
28.9282656	0.09986
28.9536163	0.09988
28.9790675	0.0999
29.0044512	0.09992
29.0299357	0.09994
29.0553524	0.09996
29.0808700	0.09998
29.1063760	0.1
